1 0.96328125 0.39375 0.0640625 0.1046875
0 0.04296875 0.4828125 0.084375 0.15625
0 0.7703125 0.41640625 0.0625 0.096875
0 0.44453125 0.396875 0.05 0.09375
0 0.52421875 0.3921875 0.0578125 0.0734375
0 0.671875 0.38203125 0.05 0.09375
0 0.84453125 0.36875 0.046875 0.0734375
1 0.7296875 0.34921875 0.040625 0.0671875
0 0.7359375 0.3828125 0.0375 0.059375
0 0.6 0.37578125 0.0375 0.071875
0 0.54765625 0.36875 0.0375 0.078125
0 0.37265625 0.37578125 0.046875 0.0765625
0 0.48203125 0.35703125 0.0328125 0.053125