0 0.07265625 0.5265625 0.125 0.15
0 0.68359375 0.3453125 0.0828125 0.11875
0 0.1859375 0.49375 0.09375 0.1265625
0 0.40234375 0.42109375 0.071875 0.096875
0 0.02421875 0.46953125 0.0484375 0.1453125
1 0.64296875 0.36328125 0.05 0.0890625
1 0.578125 0.39375 0.0453125 0.065625
1 0.4546875 0.43515625 0.0453125 0.065625
0 0.5359375 0.4234375 0.0453125 0.06875
0 0.61875 0.40625 0.0484375 0.071875
0 0.3546875 0.4703125 0.0703125 0.1046875
0 0.3140625 0.459375 0.0421875 0.06875
0 0.2515625 0.48828125 0.05625 0.0734375