1 0.71796875 0.3140625 0.1875 0.1984375
1 0.9453125 0.29921875 0.1015625 0.2015625
1 0.31328125 0.31328125 0.196875 0.2015625
1 0.534375 0.2671875 0.1890625 0.1703125
1 0.7890625 0.21640625 0.159375 0.1765625
1 0.4140625 0.20078125 0.1546875 0.146875
1 0.19140625 0.23515625 0.1640625 0.2046875
1 0.8703125 0.21015625 0.128125 0.146875
1 0.94921875 0.15625 0.084375 0.1125
1 0.56328125 0.14140625 0.1328125 0.121875
1 0.09140625 0.23125 0.1 0.1625
1 0.74296875 0.146875 0.1296875 0.109375
1 0.253125 0.05859375 0.1015625 0.075
1 0.15625 0.10703125 0.1140625 0.10625
1 0.0390625 0.203125 0.078125 0.165625
1 0.61796875 0.0734375 0.096875 0.1
1 0.68046875 0.1234375 0.1 0.1125