1 0.7515625 0.36328125 0.2171875 0.2265625
1 0.9546875 0.3953125 0.090625 0.215625
1 0.35625 0.27890625 0.2265625 0.23125
1 0.58203125 0.2796875 0.215625 0.1984375
1 0.84140625 0.2828125 0.1875 0.2
1 0.478125 0.1890625 0.1765625 0.1703125
1 0.253125 0.1765625 0.1953125 0.2296875
1 0.921875 0.29296875 0.15 0.165625
1 0.9796875 0.25625 0.040625 0.125
1 0.63671875 0.16171875 0.1515625 0.14375
1 0.15625 0.15234375 0.1265625 0.1765625
1 0.8109375 0.2046875 0.1453125 0.1296875
1 0.35 0.03125 0.1125 0.0625
1 0.24453125 0.053125 0.1296875 0.10625
1 0.109375 0.1140625 0.1109375 0.1765625
1 0.7046875 0.1078125 0.1125 0.1140625
1 0.7546875 0.16875 0.1171875 0.128125