1 0.9609375 0.38515625 0.065625 0.10625
0 0.04296875 0.48984375 0.0859375 0.1578125
0 0.76875 0.41171875 0.0640625 0.0984375
0 0.4421875 0.39765625 0.0515625 0.0953125
0 0.521875 0.3921875 0.059375 0.0734375
0 0.6703125 0.37890625 0.0515625 0.0953125
0 0.8421875 0.36328125 0.0484375 0.0734375
1 0.7265625 0.3453125 0.0421875 0.0671875
0 0.734375 0.378125 0.0375 0.059375
0 0.59765625 0.37421875 0.0390625 0.0734375
0 0.5453125 0.36796875 0.0390625 0.078125
0 0.3703125 0.378125 0.0484375 0.0765625
0 0.4796875 0.3578125 0.034375 0.0546875