0 0.834375 0.4796875 0.0703125 0.103125
0 0.51484375 0.50703125 0.0546875 0.0875
0 0.04921875 0.56796875 0.046875 0.0703125
0 0.728125 0.51328125 0.034375 0.0625
0 0.68984375 0.5125 0.034375 0.059375
0 0.6375 0.52109375 0.0390625 0.0609375
0 0.6109375 0.51640625 0.028125 0.059375
0 0.553125 0.51796875 0.0421875 0.0703125
0 0.428125 0.54921875 0.05 0.075
0 0.20703125 0.56328125 0.046875 0.0734375
0 0.09140625 0.575 0.04375 0.0609375
0 0.1625 0.57265625 0.04375 0.0640625
0 0.2625 0.53671875 0.0421875 0.0671875
0 0.37421875 0.56484375 0.040625 0.0671875
0 0.34765625 0.559375 0.0328125 0.06875
0 0.94609375 0.48984375 0.0375 0.0625
0 0.97890625 0.49296875 0.0421875 0.0703125
0 0.7984375 0.4953125 0.0328125 0.06875