0 0.16875 0.55 0.0703125 0.103125
0 0.48671875 0.51015625 0.0546875 0.0875
0 0.95546875 0.47265625 0.046875 0.0703125
0 0.27890625 0.56015625 0.034375 0.0625
0 0.3171875 0.5515625 0.034375 0.059375
0 0.3703125 0.54921875 0.0390625 0.0609375
0 0.3953125 0.5390625 0.028125 0.059375
0 0.4515625 0.52890625 0.0421875 0.0703125
0 0.58046875 0.5328125 0.05 0.075
0 0.79921875 0.50078125 0.046875 0.0734375
0 0.91484375 0.48828125 0.04375 0.0609375
0 0.8453125 0.50078125 0.04375 0.0640625
0 0.73984375 0.48671875 0.0421875 0.0671875
0 0.63671875 0.5375 0.040625 0.0671875
0 0.66171875 0.5265625 0.0328125 0.06875
0 0.06171875 0.5828125 0.0375 0.0625
0 0.028125 0.59296875 0.04375 0.0703125
0 0.20703125 0.5578125 0.0328125 0.06875