1 0.65078125 0.128125 0.0765625 0.1375
1 0.584375 0.22890625 0.08125 0.1796875
1 0.825 0.3703125 0.1359375 0.2453125
1 0.42578125 0.146875 0.0828125 0.1796875
1 0.73671875 0.10625 0.078125 0.128125
1 0.534375 0.128125 0.0671875 0.1203125
1 0.721875 0.2234375 0.0875 0.1859375
1 0.92578125 0.1703125 0.096875 0.1671875
1 0.20703125 0.4015625 0.153125 0.265625
1 0.28828125 0.225 0.0890625 0.1703125
1 0.7875 0.209375 0.08125 0.1703125
1 0.115625 0.2109375 0.103125 0.1859375
1 0.5890625 0.103125 0.0625 0.1234375
1 0.09140625 0.37421875 0.1421875 0.2625
1 0.64921875 0.2890625 0.10625 0.209375
1 0.35625 0.2921875 0.1171875 0.215625
1 0.47578125 0.271875 0.1171875 0.2515625
1 0.97421875 0.33984375 0.0515625 0.2234375
1 0.36875 0.09609375 0.053125 0.1203125
1 0.2625 0.12421875 0.0671875 0.1046875