1 0.95390625 0.52109375 0.0359375 0.0453125
0 0.8296875 0.47109375 0.1140625 0.1625
0 0.8890625 0.4921875 0.0421875 0.0625
0 0.6265625 0.421875 0.0703125 0.09375
0 0.56640625 0.40625 0.0703125 0.0984375
0 0.49296875 0.403125 0.05 0.0765625
0 0.45546875 0.409375 0.0453125 0.06875
0 0.39765625 0.3875 0.0359375 0.0515625
0 0.33046875 0.3828125 0.053125 0.0734375
0 0.2640625 0.3609375 0.0515625 0.0734375
0 0.19921875 0.33671875 0.05 0.0671875
0 0.15625 0.33046875 0.0359375 0.0609375
0 0.10859375 0.3125 0.0515625 0.0765625
0 0.05 0.30390625 0.03125 0.0515625