1 0.5359375 0.10078125 0.1 0.146875
1 0.5015625 0.21640625 0.1125 0.1875
1 0.77265625 0.28046875 0.178125 0.2625
1 0.32578125 0.184375 0.1140625 0.1890625
1 0.6109375 0.06171875 0.1 0.1234375
1 0.42421875 0.134375 0.0890625 0.1296875
1 0.63125 0.17109375 0.1203125 0.1953125
1 0.8109375 0.075 0.125 0.15
1 0.19140625 0.49140625 0.1984375 0.284375
1 0.2171875 0.29921875 0.1171875 0.18125
1 0.68984375 0.1375 0.109375 0.178125
1 0.05703125 0.3359375 0.1140625 0.2
1 0.46875 0.09453125 0.084375 0.13125
1 0.0828125 0.49921875 0.165625 0.2796875
1 0.58125 0.25390625 0.1421875 0.221875
1 0.3015625 0.34375 0.1546875 0.2296875
1 0.41015625 0.2890625 0.1609375 0.2640625
1 0.91328125 0.20625 0.1046875 0.2265625
1 0.25625 0.15234375 0.075 0.1265625
1 0.16328125 0.21015625 0.084375 0.1140625