1 0.3859375 0.4109375 0.0609375 0.1109375
1 0.2359375 0.453125 0.05625 0.1015625
1 0.94765625 0.48046875 0.05 0.1015625
1 0.50546875 0.4078125 0.0515625 0.1078125
0 0.84140625 0.46640625 0.059375 0.0984375
0 0.1515625 0.45390625 0.05625 0.1046875
0 0.6625 0.43125 0.0515625 0.0953125
1 0.3203125 0.434375 0.04375 0.0953125
0 0.46171875 0.4390625 0.0359375 0.0640625
0 0.43125 0.44140625 0.028125 0.059375
0 0.54453125 0.43203125 0.0390625 0.0859375
0 0.61953125 0.44609375 0.0421875 0.0734375
0 0.571875 0.44765625 0.034375 0.0625
0 0.74140625 0.46328125 0.034375 0.0671875
0 0.72265625 0.4625 0.03125 0.05625
0 0.7625 0.4578125 0.028125 0.05625