1 0.0515625 0.4265625 0.03125 0.0421875
0 0.18359375 0.403125 0.09375 0.153125
0 0.12109375 0.41171875 0.034375 0.059375
0 0.39296875 0.396875 0.0578125 0.0875
0 0.4546875 0.39453125 0.0578125 0.0921875
0 0.5265625 0.40625 0.040625 0.071875
0 0.5625 0.42109375 0.0359375 0.065625
0 0.6234375 0.4109375 0.0296875 0.0484375
0 0.690625 0.4203125 0.04375 0.06875
0 0.759375 0.41328125 0.0421875 0.06875
0 0.828125 0.403125 0.0421875 0.0625
0 0.87109375 0.40625 0.028125 0.059375
0 0.921875 0.3984375 0.04375 0.071875
0 0.98125 0.4015625 0.025 0.0484375