1 0.6078125 0.403125 0.06875 0.1140625
1 0.76015625 0.43515625 0.0625 0.1046875
1 0.0515625 0.51171875 0.05625 0.1046875
1 0.48828125 0.40859375 0.0578125 0.1109375
0 0.15703125 0.490625 0.065625 0.1015625
0 0.84453125 0.4296875 0.0625 0.1078125
0 0.3328125 0.44296875 0.0578125 0.0984375
1 0.675 0.421875 0.05 0.096875
0 0.534375 0.43671875 0.040625 0.0671875
0 0.56484375 0.43671875 0.03125 0.0609375
0 0.45078125 0.43515625 0.0453125 0.0890625
0 0.3765625 0.4546875 0.046875 0.0765625
0 0.42421875 0.453125 0.0375 0.0640625
0 0.25703125 0.4796875 0.0390625 0.06875
0 0.275 0.478125 0.0359375 0.0578125
0 0.23515625 0.47578125 0.03125 0.0578125