0 0.9734375 0.6640625 0.0375 0.071875
0 0.13984375 0.59609375 0.0328125 0.0640625
0 0.178125 0.61953125 0.0453125 0.08125
0 0.26484375 0.61015625 0.04375 0.0671875
0 0.3484375 0.61796875 0.0375 0.0484375
0 0.40546875 0.64140625 0.0359375 0.0671875
0 0.49765625 0.65625 0.046875 0.0703125
0 0.528125 0.628125 0.0296875 0.0515625
0 0.553125 0.62265625 0.0359375 0.06875
0 0.5984375 0.646875 0.0328125 0.0484375
0 0.62890625 0.66015625 0.0453125 0.075
0 0.684375 0.66484375 0.0390625 0.0640625
0 0.7703125 0.6453125 0.0453125 0.075
0 0.846875 0.65625 0.040625 0.06875
0 0.9125 0.68046875 0.04375 0.0609375