0 0.9859375 0.553125 0.028125 0.078125
0 0.17109375 0.675 0.046875 0.06875
0 0.21328125 0.6890625 0.0625 0.0890625
0 0.29609375 0.66015625 0.05625 0.075
0 0.37890625 0.64921875 0.046875 0.05625
0 0.43984375 0.659375 0.05 0.0734375
0 0.53359375 0.653125 0.0609375 0.078125
0 0.55625 0.61875 0.0390625 0.05625
0 0.57890625 0.6078125 0.05 0.075
0 0.62890625 0.62109375 0.0421875 0.0546875
0 0.66171875 0.62734375 0.0609375 0.0828125
0 0.71640625 0.61875 0.053125 0.0703125
0 0.79609375 0.58046875 0.0609375 0.0828125
0 0.87265625 0.57421875 0.0546875 0.0765625
0 0.9421875 0.5828125 0.05625 0.06875