1 0.13203125 0.5015625 0.1671875 0.2125
1 0.2265625 0.70078125 0.1921875 0.24375
1 0.42421875 0.85859375 0.2359375 0.2828125
1 0.4859375 0.58515625 0.1875 0.2734375
1 0.48828125 0.33671875 0.1078125 0.1421875
1 0.528125 0.44765625 0.15625 0.1734375
1 0.6609375 0.49609375 0.1265625 0.178125
1 0.58125 0.265625 0.0859375 0.1234375
1 0.63515625 0.28671875 0.0875 0.1234375
1 0.68359375 0.37109375 0.1140625 0.140625
1 0.85234375 0.41875 0.2125 0.284375
1 0.77421875 0.346875 0.1203125 0.1671875
1 0.79765625 0.22890625 0.1078125 0.1484375