1 0.85 0.3875 0.1390625 0.1953125
1 0.82265625 0.60703125 0.1578125 0.225
1 0.68671875 0.83125 0.19375 0.2875
1 0.53984375 0.5765625 0.1484375 0.2578125
1 0.4609375 0.34140625 0.0890625 0.1328125
1 0.45703125 0.459375 0.134375 0.15625
1 0.34609375 0.54609375 0.1015625 0.1671875
1 0.35 0.30234375 0.0671875 0.1171875
1 0.30546875 0.3390625 0.06875 0.1171875
1 0.28515625 0.434375 0.09375 0.1296875
1 0.13984375 0.53125 0.1734375 0.265625
1 0.1921875 0.4390625 0.096875 0.1578125
1 0.1328125 0.334375 0.0875 0.1390625