1 0.4390625 0.2890625 0.0984375 0.153125
1 0.56640625 0.2609375 0.09375 0.14375
1 0.8546875 0.21015625 0.1078125 0.1515625
1 0.2515625 0.33984375 0.0953125 0.14375
1 0.715625 0.278125 0.0828125 0.115625
1 0.40078125 0.3421875 0.0703125 0.1046875
1 0.08125 0.434375 0.0609375 0.1078125
1 0.8 0.2734375 0.0671875 0.090625
1 0.5125 0.34609375 0.0703125 0.1078125
1 0.190625 0.4171875 0.0703125 0.1078125
1 0.1265625 0.45546875 0.05625 0.084375
1 0.0578125 0.45390625 0.05 0.103125
1 0.628125 0.29296875 0.071875 0.128125
1 0.7546875 0.2921875 0.059375 0.1015625