0 0.90078125 0.33984375 0.196875 0.284375
0 0.29375 0.18828125 0.16875 0.253125
0 0.42421875 0.27109375 0.1015625 0.16875
0 0.64921875 0.37578125 0.128125 0.2015625
0 0.5390625 0.3203125 0.084375 0.128125
0 0.7703125 0.403125 0.0546875 0.078125
0 0.72421875 0.37734375 0.05625 0.0875
0 0.4953125 0.02578125 0.040625 0.0515625
0 0.44296875 0.02734375 0.0390625 0.0546875
0 0.3875 0.025 0.034375 0.05
0 0.77734375 0.21953125 0.0359375 0.053125
0 0.76171875 0.078125 0.0328125 0.0578125
0 0.73203125 0.07421875 0.028125 0.0421875
0 0.68359375 0.04921875 0.03125 0.0453125
0 0.6984375 0.0671875 0.028125 0.0515625
0 0.71015625 0.08359375 0.028125 0.0484375