1 0.62578125 0.32734375 0.0859375 0.1484375
1 0.49453125 0.340625 0.084375 0.1296875
1 0.05078125 0.41171875 0.0921875 0.14375
1 0.353125 0.35234375 0.08125 0.1265625
1 0.18984375 0.4296875 0.08125 0.1296875
1 0.27109375 0.3609375 0.071875 0.115625
1 0.11796875 0.43828125 0.06875 0.1015625
0 0.81328125 0.31953125 0.0609375 0.096875
1 0.01171875 0.46875 0.0234375 0.096875
1 0.24765625 0.4125 0.0546875 0.0890625
0 0.42109375 0.35625 0.0640625 0.10625
0 0.5546875 0.37265625 0.040625 0.0703125
0 0.73828125 0.35546875 0.0375 0.0609375
0 0.7796875 0.34296875 0.04375 0.0625
0 0.86953125 0.30390625 0.059375 0.084375
0 0.58515625 0.37265625 0.034375 0.05625
0 0.903125 0.3 0.0390625 0.0609375
0 0.93828125 0.29453125 0.0375 0.0640625