1 0.4734375 0.28203125 0.0921875 0.1515625
1 0.3453125 0.30625 0.0875 0.1421875
1 0.06015625 0.371875 0.1015625 0.15
1 0.66640625 0.25546875 0.090625 0.1421875
1 0.21484375 0.3796875 0.078125 0.1140625
1 0.5296875 0.31640625 0.065625 0.103125
1 0.859375 0.2765625 0.05625 0.1078125
1 0.1359375 0.40859375 0.0640625 0.0890625
1 0.428125 0.36328125 0.0671875 0.10625
1 0.75234375 0.303125 0.0671875 0.10625
1 0.8265625 0.31328125 0.053125 0.084375
1 0.8890625 0.284375 0.0453125 0.103125
1 0.3015625 0.359375 0.065625 0.1265625
1 0.18359375 0.4078125 0.0546875 0.1015625