1 0.6203125 0.32265625 0.090625 0.15
1 0.4890625 0.340625 0.0875 0.13125
1 0.04765625 0.42734375 0.0953125 0.1453125
1 0.34765625 0.3578125 0.084375 0.1265625
1 0.1875 0.440625 0.0859375 0.13125
1 0.26640625 0.36875 0.075 0.115625
1 0.115625 0.4515625 0.0703125 0.1015625
0 0.80625 0.30859375 0.0640625 0.0984375
1 0.0125 0.4875 0.025 0.096875
1 0.24453125 0.42109375 0.0578125 0.090625
0 0.415625 0.359375 0.0671875 0.1078125
0 0.55 0.37109375 0.04375 0.071875
0 0.73359375 0.34765625 0.0390625 0.0609375
0 0.77421875 0.33359375 0.0453125 0.0625
0 0.8625 0.29140625 0.0609375 0.084375
0 0.58125 0.36953125 0.0359375 0.0578125
0 0.89609375 0.2859375 0.040625 0.0625
0 0.93046875 0.27890625 0.0390625 0.0640625