0 0.859375 0.26015625 0.1625 0.265625
0 0.23359375 0.23828125 0.1375 0.2375
0 0.37890625 0.29140625 0.08125 0.1609375
0 0.61953125 0.34765625 0.1046875 0.190625
0 0.50078125 0.31640625 0.0703125 0.1203125
0 0.74375 0.34921875 0.0453125 0.0734375
0 0.69375 0.33359375 0.0453125 0.0828125
0 0.39765625 0.03671875 0.034375 0.05
0 0.3453125 0.04453125 0.03125 0.0625
0 0.290625 0.05390625 0.0265625 0.059375
0 0.7125 0.16796875 0.0296875 0.05
0 0.66796875 0.0328125 0.0265625 0.05625
0 0.63828125 0.03515625 0.0234375 0.0390625
0 0.5859375 0.02109375 0.025 0.0421875
0 0.60390625 0.03515625 0.021875 0.0484375
0 0.61875 0.0484375 0.021875 0.0453125