1 0.22421875 0.17421875 0.109375 0.165625
1 0.92734375 0.32734375 0.0953125 0.1484375
1 0.41484375 0.24453125 0.0921875 0.1453125
1 0.69765625 0.29296875 0.090625 0.1453125
1 0.5359375 0.2765625 0.0875 0.153125
1 0.58671875 0.2734375 0.0765625 0.1390625
1 0.33515625 0.2765625 0.0609375 0.0921875
0 0.81796875 0.328125 0.084375 0.1125
0 0.76171875 0.31328125 0.05625 0.084375
1 0.28828125 0.25859375 0.0546875 0.090625
0 0.8890625 0.33359375 0.0546875 0.0875
0 0.95546875 0.36796875 0.059375 0.1109375
0 0.4671875 0.2796875 0.0484375 0.0578125
0 0.62578125 0.2984375 0.0453125 0.06875