1 0.69296875 0.478125 0.0734375 0.0828125
1 0.78359375 0.50078125 0.0703125 0.0953125
0 0.73515625 0.52265625 0.0703125 0.0921875
0 0.5828125 0.46796875 0.05625 0.06875
0 0.44140625 0.44765625 0.046875 0.0640625
0 0.47890625 0.42109375 0.0484375 0.0625
0 0.51328125 0.434375 0.0390625 0.05625
0 0.71328125 0.50859375 0.0453125 0.075
1 0.428125 0.40625 0.0484375 0.0703125
1 0.30234375 0.39921875 0.0578125 0.0765625
1 0.23125 0.378125 0.0515625 0.0703125
0 0.35078125 0.42578125 0.059375 0.071875
0 0.2390625 0.44296875 0.06875 0.084375
0 0.1328125 0.378125 0.0421875 0.05625
0 0.0578125 0.36796875 0.0453125 0.0578125