1 0.31484375 0.44140625 0.0609375 0.0734375
1 0.221875 0.446875 0.0546875 0.0875
0 0.2640625 0.47734375 0.0546875 0.084375
0 0.425 0.453125 0.0453125 0.0625
0 0.5671875 0.459375 0.0375 0.059375
0 0.53515625 0.4265625 0.0390625 0.05625
0 0.49921875 0.4328125 0.03125 0.0515625
0 0.2890625 0.46796875 0.0328125 0.0703125
1 0.58828125 0.421875 0.0375 0.0640625
1 0.71328125 0.43828125 0.0453125 0.0703125
1 0.7875 0.43203125 0.040625 0.0640625
0 0.6609375 0.45546875 0.0484375 0.065625
0 0.7671875 0.49375 0.0546875 0.0765625
0 0.88359375 0.45 0.0328125 0.0515625
0 0.959375 0.4546875 0.0375 0.0515625