1 0.87421875 0.29453125 0.1078125 0.165625
1 0.1625 0.1859375 0.09375 0.1484375
1 0.67109375 0.2921875 0.090625 0.1453125
1 0.3890625 0.2359375 0.0875 0.14375
1 0.54609375 0.278125 0.0859375 0.153125
1 0.5 0.25703125 0.075 0.1390625
1 0.734375 0.35078125 0.059375 0.090625
0 0.26484375 0.225 0.0828125 0.1125
0 0.32265625 0.23203125 0.0546875 0.084375
1 0.784375 0.35 0.053125 0.090625
0 0.196875 0.20546875 0.053125 0.0875
0 0.121875 0.21328125 0.0578125 0.1109375
0 0.609375 0.30625 0.0484375 0.05625
0 0.4546875 0.26640625 0.0453125 0.06875