1 0.5046875 0.38203125 0.075 0.115625
1 0.6390625 0.35625 0.075 0.11875
1 0.7453125 0.3296875 0.075 0.115625
1 0.0953125 0.4671875 0.0671875 0.10625
1 0.29609375 0.42890625 0.0625 0.09375
1 0.86171875 0.29140625 0.0734375 0.1109375
1 0.3578125 0.4 0.0640625 0.1125
1 0.6953125 0.3578125 0.04375 0.065625
0 0.4453125 0.4015625 0.0484375 0.065625
1 0.16328125 0.4453125 0.0328125 0.0578125
1 0.21796875 0.42890625 0.05625 0.084375
1 0.78359375 0.3359375 0.0375 0.0640625
1 0.9328125 0.32421875 0.0390625 0.0578125