1 0.52109375 0.38359375 0.0609375 0.109375
1 0.6578125 0.37734375 0.059375 0.1125
1 0.76640625 0.365625 0.0609375 0.109375
1 0.10390625 0.41171875 0.053125 0.1015625
1 0.3078125 0.40078125 0.05 0.0890625
1 0.88671875 0.34375 0.059375 0.1046875
1 0.3734375 0.38125 0.05 0.10625
1 0.71328125 0.3859375 0.0359375 0.0609375
0 0.459375 0.3953125 0.040625 0.0609375
1 0.17421875 0.3984375 0.0265625 0.0546875
1 0.23046875 0.390625 0.046875 0.0796875
1 0.80390625 0.3765625 0.0296875 0.0609375
1 0.953125 0.38671875 0.03125 0.0546875