0 0.5125 0.4171875 0.046875 0.0828125
0 0.9015625 0.34375 0.0671875 0.1
0 0.76640625 0.38125 0.0609375 0.09375
0 0.79375 0.3671875 0.040625 0.0703125
0 0.703125 0.36953125 0.0515625 0.0890625
0 0.67890625 0.4015625 0.0484375 0.0734375
0 0.63671875 0.4203125 0.0515625 0.0890625
0 0.59765625 0.4265625 0.0453125 0.0796875
0 0.3390625 0.4375 0.0671875 0.09375
0 0.03671875 0.496875 0.04375 0.0765625
0 0.0625 0.5015625 0.0359375 0.0671875
0 0.17109375 0.49609375 0.05625 0.084375
0 0.26015625 0.4578125 0.0515625 0.0828125