1 0.70859375 0.5640625 0.078125 0.1140625
1 0.1984375 0.43046875 0.0828125 0.1015625
1 0.48515625 0.47421875 0.0703125 0.10625
1 0.61015625 0.53203125 0.071875 0.0984375
1 0.365625 0.43515625 0.075 0.1015625
1 0.42265625 0.46953125 0.0734375 0.10625
1 0.334375 0.27578125 0.0828125 0.1109375
1 0.4375 0.28046875 0.0765625 0.10625
1 0.528125 0.503125 0.0703125 0.1046875
1 0.56640625 0.15625 0.0734375 0.1078125
1 0.2578125 0.4546875 0.078125 0.1046875
1 0.83359375 0.58203125 0.0796875 0.0984375
1 0.7859375 0.53984375 0.0671875 0.0859375
1 0.7703125 0.47265625 0.059375 0.090625
1 0.678125 0.38359375 0.06875 0.109375
1 0.58125 0.33828125 0.059375 0.0921875