0 0.103125 0.39921875 0.103125 0.165625
0 0.33125 0.36796875 0.0703125 0.1359375
0 0.44921875 0.38046875 0.078125 0.1359375
0 0.21171875 0.37734375 0.075 0.1265625
0 0.390625 0.3859375 0.0640625 0.11875
0 0.66875 0.33828125 0.0640625 0.125
0 0.79296875 0.35859375 0.06875 0.1296875
0 0.96171875 0.378125 0.065625 0.134375
0 0.72109375 0.375 0.0609375 0.1125
0 0.6359375 0.365625 0.05625 0.1046875
0 0.578125 0.3578125 0.053125 0.0875
0 0.01875 0.40625 0.0375 0.0875
0 0.29609375 0.38125 0.0453125 0.090625
0 0.26328125 0.39296875 0.04375 0.09375