0 0.871875 0.37265625 0.1484375 0.19375
0 0.19765625 0.21015625 0.0984375 0.146875
0 0.49453125 0.25546875 0.121875 0.1796875
0 0.71171875 0.2984375 0.134375 0.178125
0 0.3359375 0.17734375 0.15625 0.225
0 0.1140625 0.15703125 0.0890625 0.1453125
0 0.53125 0.3171875 0.0671875 0.109375
0 0.43828125 0.2609375 0.0671875 0.109375
0 0.93828125 0.4234375 0.075 0.1125
0 0.79453125 0.38125 0.05 0.078125
0 0.98046875 0.45859375 0.0390625 0.1171875
0 0.578125 0.3328125 0.046875 0.065625
0 0.40546875 0.27109375 0.0625 0.0921875
0 0.6203125 0.365625 0.0609375 0.0859375
0 0.65625 0.31640625 0.05625 0.0953125
0 0.10703125 0.10078125 0.078125 0.19375