0 0.1046875 0.36640625 0.0546875 0.071875
0 0.1703125 0.3515625 0.06875 0.0859375
0 0.28515625 0.3796875 0.0546875 0.075
0 0.640625 0.45078125 0.0765625 0.10625
0 0.8796875 0.53046875 0.140625 0.1640625
0 0.82734375 0.50078125 0.04375 0.0640625
0 0.77421875 0.47578125 0.059375 0.0875
0 0.70625 0.48125 0.0453125 0.0609375
0 0.6046875 0.44765625 0.0515625 0.0890625
0 0.5546875 0.46484375 0.0640625 0.0921875
0 0.52421875 0.46171875 0.0421875 0.059375
0 0.47734375 0.43359375 0.071875 0.090625
0 0.371875 0.40546875 0.0640625 0.0765625