1 0.48125 0.296875 0.1625 0.234375
1 0.6296875 0.3703125 0.1140625 0.165625
1 0.84921875 0.33515625 0.1203125 0.1859375
1 0.11875 0.29453125 0.134375 0.19375
1 0.23984375 0.31171875 0.1265625 0.190625
1 0.78515625 0.3046875 0.15625 0.2296875
1 0.5578125 0.3796875 0.0875 0.1265625
1 0.415625 0.309375 0.1234375 0.1890625
1 0.95625 0.19375 0.0875 0.2125
2 0.0953125 0.553125 0.190625 0.703125
2 0.1953125 0.5796875 0.2875 0.7140625
2 0.328125 0.59140625 0.2859375 0.7546875
2 0.41875 0.58671875 0.478125 0.8265625
2 0.5984375 0.64765625 0.271875 0.7046875
2 0.75703125 0.59921875 0.3921875 0.8015625
2 0.87265625 0.54375 0.2546875 0.9125