0 0.8859375 0.36484375 0.090625 0.159375
0 0.65703125 0.35390625 0.059375 0.13125
0 0.540625 0.3765625 0.0671875 0.13125
0 0.7765625 0.35234375 0.065625 0.121875
0 0.59921875 0.3765625 0.0546875 0.115625
0 0.3171875 0.35390625 0.0546875 0.121875
0 0.19609375 0.384375 0.0578125 0.125
0 0.02890625 0.41875 0.0546875 0.13125
0 0.26953125 0.3953125 0.0515625 0.109375
0 0.35234375 0.378125 0.0484375 0.1015625
0 0.41015625 0.36484375 0.0453125 0.084375
0 0.9734375 0.36484375 0.0359375 0.084375
0 0.6921875 0.36328125 0.0375 0.0875
0 0.7265625 0.37265625 0.0359375 0.090625