0 0.49921875 0.41640625 0.0578125 0.0859375
0 0.1234375 0.2890625 0.078125 0.10625
0 0.25234375 0.3453125 0.071875 0.0984375
0 0.22734375 0.32734375 0.0484375 0.0734375
0 0.3171875 0.34296875 0.0625 0.09375
0 0.3359375 0.37734375 0.05625 0.078125
0 0.37578125 0.40234375 0.0625 0.09375
0 0.41328125 0.41328125 0.0546875 0.0828125
0 0.66875 0.46015625 0.0765625 0.1
0 0.959375 0.56171875 0.0515625 0.0796875
0 0.9328125 0.5625 0.04375 0.06875
0 0.82578125 0.5421875 0.0671875 0.0890625
0 0.74296875 0.49140625 0.0609375 0.0875