1 0.284375 0.46640625 0.071875 0.1125
1 0.8015625 0.56953125 0.078125 0.0984375
1 0.525 0.48359375 0.0640625 0.1046875
1 0.38671875 0.48046875 0.065625 0.096875
1 0.64921875 0.50078125 0.0703125 0.1
1 0.5828125 0.50625 0.0671875 0.103125
1 0.746875 0.37109375 0.078125 0.1078125
1 0.65234375 0.3296875 0.071875 0.1046875
1 0.4734375 0.490625 0.065625 0.103125
1 0.59140625 0.16171875 0.0671875 0.10625
1 0.73828125 0.565625 0.0734375 0.1015625
1 0.1640625 0.42734375 0.075 0.0953125
1 0.22578125 0.41015625 0.0640625 0.0828125
1 0.26875 0.35703125 0.0546875 0.0890625
1 0.390625 0.3171875 0.0625 0.1078125
1 0.49765625 0.31875 0.053125 0.090625