1 0.18671875 0.434375 0.059375 0.0953125
1 0.75390625 0.375 0.0515625 0.0828125
1 0.12109375 0.41328125 0.0625 0.0984375
1 0.28515625 0.409375 0.0484375 0.0875
1 0.36875 0.4125 0.05 0.0890625
1 0.40703125 0.4234375 0.0390625 0.06875
1 0.47109375 0.415625 0.034375 0.059375
1 0.49921875 0.39375 0.04375 0.078125
1 0.53671875 0.40078125 0.034375 0.0796875
1 0.5640625 0.38359375 0.0484375 0.0875
1 0.60078125 0.40234375 0.04375 0.078125
1 0.66171875 0.38984375 0.05 0.0859375
1 0.70703125 0.3796875 0.05 0.0828125