1 0.903125 0.1140625 0.065625 0.1
1 0.59609375 0.5171875 0.0484375 0.071875
1 0.2921875 0.71015625 0.053125 0.1140625
1 0.4171875 0.5140625 0.0390625 0.053125
1 0.45390625 0.47890625 0.0421875 0.06875
1 0.88203125 0.28359375 0.0546875 0.0921875
1 0.55078125 0.2859375 0.0453125 0.071875
1 0.28359375 0.39296875 0.053125 0.0734375
1 0.33828125 0.21953125 0.040625 0.0765625
1 0.840625 0.12265625 0.040625 0.06875
1 0.39765625 0.1984375 0.034375 0.053125
1 0.26796875 0.16953125 0.028125 0.06875
1 0.296875 0.234375 0.040625 0.071875
1 0.81171875 0.17109375 0.0375 0.065625
1 0.59375 0.39140625 0.0421875 0.0609375
1 0.64453125 0.41171875 0.03125 0.0609375
1 0.5765625 0.24296875 0.03125 0.05
1 0.61796875 0.415625 0.034375 0.065625