0 0.1859375 0.2640625 0.1171875 0.1765625
0 0.87734375 0.31796875 0.071875 0.1390625
0 0.58125 0.26953125 0.090625 0.16875
0 0.3609375 0.24296875 0.1046875 0.1640625
0 0.75625 0.24453125 0.11875 0.209375
0 0.97109375 0.2921875 0.0578125 0.1375
0 0.5265625 0.31640625 0.046875 0.1046875
0 0.63203125 0.29140625 0.046875 0.1046875
0 0.10703125 0.29140625 0.0546875 0.1046875
0 0.25625 0.29609375 0.0359375 0.0734375
0 0.0375 0.30625 0.0578125 0.1109375
0 0.47734375 0.31640625 0.034375 0.0625
0 0.6609375 0.3109375 0.046875 0.0859375
0 0.42734375 0.33515625 0.046875 0.0796875
0 0.40859375 0.2765625 0.0390625 0.0921875
0 0.98828125 0.2421875 0.0234375 0.19375