1 0.8890625 0.1 0.06875 0.1015625
1 0.596875 0.51328125 0.05 0.0734375
1 0.3 0.71796875 0.0578125 0.115625
1 0.4171875 0.51640625 0.040625 0.0546875
1 0.453125 0.48046875 0.04375 0.0703125
1 0.87421875 0.2703125 0.0578125 0.09375
1 0.54375 0.28359375 0.046875 0.0734375
1 0.2796875 0.4 0.0546875 0.075
1 0.32890625 0.225 0.0421875 0.078125
1 0.82734375 0.11171875 0.0421875 0.0703125
1 0.3875 0.20234375 0.0359375 0.0546875
1 0.25625 0.178125 0.0296875 0.0703125
1 0.2875 0.24140625 0.0421875 0.0734375
1 0.8 0.16015625 0.0390625 0.065625
1 0.58984375 0.38828125 0.04375 0.0625
1 0.64140625 0.40703125 0.034375 0.0625
1 0.5671875 0.240625 0.0328125 0.0515625
1 0.61484375 0.4109375 0.0375 0.065625