1 0.8171875 0.45703125 0.0640625 0.096875
1 0.25546875 0.3578125 0.05625 0.084375
1 0.884375 0.43984375 0.0671875 0.1
1 0.7203125 0.425 0.053125 0.090625
1 0.63671875 0.421875 0.05625 0.090625
1 0.59765625 0.4296875 0.04375 0.0703125
1 0.53515625 0.41796875 0.0375 0.0609375
1 0.50859375 0.39453125 0.0484375 0.0796875
1 0.4703125 0.3984375 0.0390625 0.08125
1 0.44453125 0.37890625 0.053125 0.090625
1 0.40625 0.3953125 0.0484375 0.0796875
1 0.34609375 0.378125 0.05625 0.0875
1 0.3015625 0.365625 0.0546875 0.084375