0 0.91484375 0.5453125 0.059375 0.0734375
0 0.86171875 0.5046875 0.0734375 0.0890625
0 0.74609375 0.48203125 0.059375 0.0765625
0 0.39375 0.39609375 0.084375 0.109375
0 0.14296875 0.3671875 0.15 0.1703125
0 0.203125 0.3625 0.046875 0.065625
0 0.26171875 0.3625 0.065625 0.090625
0 0.32109375 0.3953125 0.05 0.0625
0 0.42734375 0.40859375 0.0578125 0.090625
0 0.465625 0.4453125 0.0703125 0.0953125
0 0.49453125 0.4546875 0.046875 0.0609375
0 0.5484375 0.44921875 0.078125 0.09375
0 0.65625 0.46796875 0.06875 0.0796875