1 0.5328125 0.29921875 0.1484375 0.228125
1 0.3796875 0.36171875 0.1046875 0.1609375
1 0.16328125 0.31171875 0.109375 0.1828125
1 0.89453125 0.32109375 0.1234375 0.1890625
1 0.77265625 0.33046875 0.115625 0.1859375
1 0.22890625 0.2859375 0.14375 0.225
1 0.45078125 0.37578125 0.08125 0.1234375
1 0.596875 0.315625 0.1125 0.1859375
1 0.0515625 0.15859375 0.103125 0.2046875
2 0.91328125 0.584375 0.1734375 0.703125
2 0.7984375 0.60078125 0.2421875 0.7125
2 0.66484375 0.603125 0.2359375 0.7546875
2 0.575 0.59296875 0.428125 0.8140625
2 0.38984375 0.64375 0.2234375 0.7125
2 0.23359375 0.59140625 0.3359375 0.8171875
2 0.1078125 0.52890625 0.215625 0.9421875