0 0.2015625 0.24453125 0.0984375 0.1515625
0 0.7375 0.25859375 0.0765625 0.125
0 0.0453125 0.30078125 0.06875 0.121875
0 0.8 0.26953125 0.053125 0.0921875
0 0.42578125 0.29296875 0.0515625 0.0875
0 0.146875 0.28046875 0.05625 0.090625
0 0.56875 0.278125 0.053125 0.078125
0 0.38203125 0.25390625 0.059375 0.090625
0 0.4703125 0.2796875 0.0390625 0.05625
0 0.6453125 0.27890625 0.040625 0.078125
0 0.69921875 0.26640625 0.0421875 0.0671875
0 0.846875 0.28515625 0.05625 0.090625
0 0.9625 0.27578125 0.046875 0.11875
0 0.6203125 0.29375 0.0359375 0.0640625