0 0.7046875 0.16484375 0.1203125 0.1625
0 0.19921875 0.34375 0.0953125 0.1328125
0 0.87109375 0.1703125 0.0875 0.1296875
0 0.14296875 0.37421875 0.06875 0.0984375
0 0.50625 0.28046875 0.065625 0.09375
0 0.76796875 0.18203125 0.0703125 0.096875
0 0.365625 0.31015625 0.0640625 0.0828125
0 0.53671875 0.22890625 0.0734375 0.0984375
0 0.46015625 0.28125 0.0484375 0.0609375
0 0.29375 0.33515625 0.053125 0.0828125
0 0.23828125 0.3390625 0.053125 0.071875
0 0.10390625 0.403125 0.0703125 0.096875
0 0.01171875 0.4296875 0.0234375 0.121875
0 0.321875 0.340625 0.0453125 0.0671875