1 0.05625 0.43828125 0.0671875 0.1234375
1 0.17890625 0.40703125 0.0625 0.1265625
1 0.3265625 0.4 0.06875 0.13125
1 0.29375 0.4765625 0.05 0.1015625
1 0.396875 0.46875 0.05 0.1109375
1 0.43828125 0.4015625 0.0671875 0.1140625
1 0.47890625 0.41640625 0.0484375 0.10625
1 0.53125 0.46171875 0.0484375 0.1015625
1 0.56640625 0.43359375 0.0609375 0.1125
1 0.61484375 0.3875 0.0421875 0.1
1 0.64375 0.41171875 0.0578125 0.121875
1 0.6859375 0.3765625 0.0609375 0.13125
1 0.78515625 0.3984375 0.0546875 0.103125
1 0.9203125 0.375 0.0703125 0.1375