1 0.146875 0.475 0.0890625 0.1203125
1 0.37578125 0.46171875 0.05625 0.0875
1 0.21171875 0.49609375 0.0671875 0.0953125
1 0.24296875 0.48984375 0.0546875 0.090625
1 0.28671875 0.478125 0.0625 0.096875
0 0.32109375 0.49375 0.05625 0.0796875
1 0.4046875 0.4515625 0.046875 0.0796875
0 0.4296875 0.44453125 0.04375 0.06875
0 0.55546875 0.39765625 0.046875 0.06875
0 0.8265625 0.3046875 0.0640625 0.0921875
0 0.73203125 0.3265625 0.0578125 0.0765625
0 0.6234375 0.39375 0.0609375 0.0859375
0 0.64609375 0.353125 0.0546875 0.0734375
0 0.58203125 0.38515625 0.0515625 0.075
0 0.5375 0.40390625 0.0390625 0.059375