0 0.13046875 0.16875 0.1015625 0.134375
0 0.39921875 0.35 0.071875 0.0953125
0 0.22578125 0.23671875 0.065625 0.0859375
0 0.140625 0.215625 0.0640625 0.0921875
0 0.3703125 0.26328125 0.053125 0.071875
0 0.4359375 0.265625 0.059375 0.06875
0 0.515625 0.334375 0.053125 0.071875
0 0.5234375 0.2875 0.0515625 0.065625
0 0.56015625 0.32265625 0.0578125 0.075
0 0.6421875 0.33515625 0.04375 0.071875
0 0.69375 0.3578125 0.05625 0.0828125
0 0.77109375 0.340625 0.0734375 0.1
0 0.8703125 0.40390625 0.0484375 0.065625