1 0.87421875 0.3421875 0.0765625 0.1078125
1 0.421875 0.59453125 0.075 0.1015625
1 0.30234375 0.68671875 0.0765625 0.1015625
1 0.7171875 0.575 0.0640625 0.0953125
1 0.03125 0.48515625 0.0484375 0.0671875
1 0.25390625 0.44609375 0.0421875 0.05
1 0.3 0.4109375 0.04375 0.0609375
1 0.64453125 0.5609375 0.0703125 0.096875
1 0.82421875 0.525 0.065625 0.0828125
1 0.9203125 0.3296875 0.06875 0.0875
1 0.60078125 0.4671875 0.0375 0.0515625
1 0.46953125 0.40390625 0.0375 0.0515625
1 0.7203125 0.4421875 0.0375 0.0546875