0 0.0875 0.2234375 0.0859375 0.128125
0 0.37890625 0.365625 0.0609375 0.090625
0 0.1921875 0.27734375 0.05625 0.08125
0 0.1046875 0.26875 0.0546875 0.0875
0 0.3390625 0.28359375 0.0453125 0.0671875
0 0.40390625 0.27734375 0.0515625 0.0625
0 0.4921875 0.334375 0.0453125 0.0671875
0 0.49375 0.28671875 0.04375 0.0625
0 0.53515625 0.315625 0.05 0.0703125
0 0.6171875 0.31640625 0.034375 0.06875
0 0.67265625 0.33203125 0.046875 0.078125
0 0.74609375 0.3046875 0.0609375 0.0953125
0 0.853125 0.353125 0.0421875 0.0625