1 0.20390625 0.30703125 0.0875 0.1203125
1 0.409375 0.40703125 0.0546875 0.0875
1 0.25 0.35703125 0.065625 0.0953125
1 0.28046875 0.36640625 0.053125 0.090625
1 0.32421875 0.37734375 0.0609375 0.096875
0 0.346875 0.4078125 0.0546875 0.0796875
1 0.43984375 0.4109375 0.0453125 0.0796875
0 0.46484375 0.4171875 0.0421875 0.06875
0 0.59765625 0.4375 0.046875 0.06875
0 0.8796875 0.4875 0.0625 0.0921875
0 0.78671875 0.46015625 0.0578125 0.0765625
0 0.659375 0.4671875 0.059375 0.0859375
0 0.6984375 0.4421875 0.053125 0.0734375
0 0.628125 0.4390625 0.05 0.075
0 0.57890625 0.434375 0.0375 0.0578125