1 0.9328125 0.384375 0.053125 0.11875
1 0.80703125 0.36875 0.0484375 0.121875
1 0.659375 0.3796875 0.053125 0.128125
1 0.7015625 0.4515625 0.0390625 0.0984375
1 0.5984375 0.45625 0.0375 0.1078125
1 0.54921875 0.39453125 0.0546875 0.109375
1 0.5109375 0.4140625 0.0375 0.103125
1 0.4640625 0.465625 0.0375 0.0984375
1 0.4265625 0.4421875 0.0484375 0.1078125
1 0.371875 0.40234375 0.0296875 0.0984375
1 0.346875 0.4296875 0.04375 0.1171875
1 0.3 0.4 0.046875 0.1265625
1 0.2046875 0.434375 0.04375 0.0984375
1 0.06796875 0.42734375 0.0546875 0.1328125