1 0.9046875 0.465625 0.0734375 0.10625
1 0.39609375 0.565625 0.071875 0.1
1 0.25390625 0.61640625 0.0734375 0.1
1 0.68359375 0.63828125 0.0625 0.09375
1 0.05859375 0.340625 0.046875 0.0671875
1 0.2828125 0.37265625 0.040625 0.05
1 0.3375 0.353125 0.0421875 0.0609375
1 0.61875 0.60234375 0.06875 0.0953125
1 0.80078125 0.62421875 0.0640625 0.08125
1 0.95234375 0.46796875 0.0671875 0.0875
1 0.60546875 0.5 0.0359375 0.0515625
1 0.50078125 0.39921875 0.0359375 0.0515625
1 0.728125 0.51328125 0.0359375 0.0546875