1 0.68203125 0.73046875 0.1015625 0.09375
1 0.37578125 0.7609375 0.065625 0.0609375
1 0.48359375 0.76015625 0.053125 0.0578125
1 0.50703125 0.2859375 0.0453125 0.040625
0 0.146875 0.79296875 0.040625 0.0328125
0 0.26640625 0.78125 0.0390625 0.03125
0 0.09296875 0.78671875 0.0359375 0.0328125
0 0.20703125 0.790625 0.0328125 0.028125
0 0.1796875 0.77734375 0.0296875 0.025
0 0.24375 0.77421875 0.0328125 0.0296875
0 0.29296875 0.7671875 0.0328125 0.03125
0 0.3203125 0.75703125 0.040625 0.034375
0 0.5078125 0.72890625 0.034375 0.025
0 0.59375 0.71875 0.0328125 0.0296875
0 0.83125 0.68046875 0.0328125 0.028125
0 0.459375 0.73828125 0.0296875 0.025