1 0.69375 0.7203125 0.1046875 0.0984375
1 0.3890625 0.76640625 0.0671875 0.0625
1 0.49765625 0.7609375 0.0546875 0.059375
1 0.49609375 0.2859375 0.046875 0.0421875
0 0.16328125 0.8109375 0.040625 0.034375
0 0.28125 0.79296875 0.0390625 0.0328125
0 0.10859375 0.8078125 0.0375 0.0328125
0 0.22265625 0.80546875 0.034375 0.0296875
0 0.19453125 0.79375 0.0296875 0.0265625
0 0.25859375 0.7875 0.0328125 0.0296875
0 0.3078125 0.77734375 0.034375 0.0328125
0 0.33359375 0.76640625 0.0421875 0.0359375
0 0.5203125 0.72890625 0.0359375 0.0265625
0 0.6046875 0.7140625 0.0328125 0.03125
0 0.83984375 0.66328125 0.034375 0.0296875
0 0.471875 0.740625 0.0296875 0.0265625