1 0.28046875 0.453125 0.08125 0.0890625
1 0.68515625 0.2765625 0.0625 0.06875
1 0.59140625 0.25390625 0.0578125 0.08125
1 0.6953125 0.1109375 0.0484375 0.0703125
1 0.39921875 0.0921875 0.0546875 0.0734375
1 0.19375 0.46328125 0.065625 0.0859375
0 0.85390625 0.2625 0.0453125 0.05625
0 0.98046875 0.15 0.0296875 0.0578125
0 0.17265625 0.2359375 0.0453125 0.0578125
0 0.225 0.178125 0.0453125 0.0578125
0 0.28828125 0.15546875 0.05 0.065625
0 0.39453125 0.4296875 0.0609375 0.0640625
0 0.51171875 0.34296875 0.0609375 0.0609375
0 0.42421875 0.3453125 0.0625 0.0640625
0 0.72734375 0.15078125 0.046875 0.053125
0 0.60625 0.1234375 0.0390625 0.0578125
0 0.578125 0.11171875 0.0421875 0.0578125
0 0.54453125 0.121875 0.0390625 0.0578125
0 0.50859375 0.115625 0.0390625 0.05625
0 0.46875 0.08828125 0.05625 0.0703125