1 0.28203125 0.44921875 0.0828125 0.090625
1 0.68828125 0.2796875 0.0625 0.0703125
1 0.59609375 0.25625 0.059375 0.08125
1 0.70234375 0.11484375 0.05 0.0703125
1 0.40625 0.090625 0.05625 0.0734375
1 0.19453125 0.4578125 0.0671875 0.0875
0 0.85859375 0.26875 0.046875 0.05625
0 0.98515625 0.15859375 0.0296875 0.0578125
0 0.17734375 0.23046875 0.046875 0.059375
0 0.23046875 0.1734375 0.046875 0.059375
0 0.29453125 0.1515625 0.0515625 0.065625
0 0.39609375 0.428125 0.0609375 0.0640625
0 0.51484375 0.34296875 0.0625 0.0625
0 0.4265625 0.34375 0.0625 0.065625
0 0.73359375 0.1546875 0.0484375 0.0546875
0 0.6125 0.12578125 0.040625 0.0578125
0 0.58515625 0.11328125 0.04375 0.059375
0 0.55078125 0.12265625 0.040625 0.0578125
0 0.515625 0.115625 0.040625 0.05625
0 0.47578125 0.0875 0.0578125 0.071875