1 0.74296875 0.73828125 0.0890625 0.1140625
1 0.765625 0.6015625 0.0734375 0.096875
1 0.7296875 0.3796875 0.0421875 0.0765625
1 0.62578125 0.67109375 0.0609375 0.078125
1 0.51171875 0.53828125 0.0515625 0.0703125
1 0.49609375 0.50078125 0.053125 0.0703125
1 0.434375 0.54296875 0.0609375 0.065625
1 0.121875 0.16328125 0.053125 0.0953125
1 0.14296875 0.20078125 0.04375 0.0703125
1 0.16640625 0.18671875 0.046875 0.075
0 0.0859375 0.1765625 0.0578125 0.0859375
0 0.0578125 0.26171875 0.0515625 0.084375