0 0.27734375 0.53828125 0.0625 0.0984375
0 0.4921875 0.565625 0.053125 0.0703125
0 0.04140625 0.49140625 0.059375 0.0875
0 0.2328125 0.54921875 0.05 0.0765625
0 0.146875 0.52265625 0.0625 0.0703125
0 0.07890625 0.51953125 0.0453125 0.0640625
0 0.39296875 0.534375 0.0359375 0.0515625
0 0.4484375 0.55546875 0.04375 0.0640625
0 0.565625 0.55546875 0.0484375 0.059375
0 0.68125 0.56328125 0.0484375 0.0671875
0 0.76796875 0.58203125 0.04375 0.0546875
0 0.83125 0.56796875 0.0359375 0.0515625
0 0.959375 0.58984375 0.0484375 0.0671875
0 0.903125 0.60625 0.046875 0.0640625
0 0.4140625 0.54921875 0.021875 0.0375