0 0.28984375 0.584375 0.065625 0.1
0 0.50546875 0.56640625 0.0546875 0.071875
0 0.04921875 0.58671875 0.0625 0.0890625
0 0.24921875 0.60390625 0.053125 0.078125
0 0.159375 0.5953125 0.0640625 0.0734375
0 0.0921875 0.60703125 0.046875 0.0640625
0 0.40234375 0.55625 0.0375 0.0515625
0 0.4609375 0.565625 0.0453125 0.065625
0 0.57578125 0.540625 0.05 0.0609375
0 0.690625 0.52421875 0.0515625 0.06875
0 0.7796875 0.525 0.0453125 0.0546875
0 0.83828125 0.49765625 0.0375 0.0515625
0 0.96796875 0.4921875 0.0515625 0.06875
0 0.91640625 0.51953125 0.0484375 0.065625
0 0.4265625 0.565625 0.021875 0.0390625