0 0.9546875 0.5015625 0.090625 0.1625
0 0.6046875 0.50703125 0.19375 0.278125
0 0.87578125 0.546875 0.10625 0.1453125
0 0.72421875 0.44921875 0.0859375 0.13125
0 0.115625 0.26015625 0.13125 0.1703125
0 0.81875 0.5125 0.1328125 0.196875
0 0.28203125 0.415625 0.1953125 0.2828125
0 0.57734375 0.3046875 0.08125 0.1328125
0 0.22109375 0.3078125 0.121875 0.1703125
0 0.121875 0.178125 0.0859375 0.1125
0 0.2453125 0.18359375 0.0625 0.0828125
0 0.3875 0.28125 0.046875 0.075
0 0.4796875 0.3 0.06875 0.0984375
0 0.65390625 0.37890625 0.0828125 0.1046875