1 0.3734375 0.2671875 0.140625 0.159375
1 0.45859375 0.2875 0.1859375 0.2015625
1 0.9015625 0.19140625 0.075 0.0921875
1 0.6953125 0.228125 0.08125 0.09375
1 0.821875 0.31171875 0.0734375 0.0875
1 0.66328125 0.2859375 0.09375 0.109375
0 0.671875 0.1046875 0.0640625 0.0859375
0 0.56796875 0.14453125 0.05625 0.0734375
0 0.4984375 0.15703125 0.0734375 0.0828125
0 0.24921875 0.2953125 0.065625 0.0796875
0 0.265625 0.20625 0.0703125 0.0859375
0 0.421875 0.1734375 0.0671875 0.08125
0 0.12109375 0.21953125 0.0546875 0.0734375