1 0.18203125 0.26328125 0.0875 0.1203125
1 0.1015625 0.234375 0.0765625 0.1140625
1 0.31875 0.26484375 0.065625 0.1
1 0.6125 0.309375 0.0609375 0.09375
1 0.46640625 0.2953125 0.0703125 0.1015625
1 0.36875 0.2703125 0.0546875 0.0890625
1 0.7234375 0.3484375 0.0578125 0.0859375
1 0.534375 0.3 0.053125 0.0828125
1 0.925 0.3546875 0.059375 0.0890625
1 0.82109375 0.45390625 0.06875 0.075
1 0.828125 0.3515625 0.04375 0.06875
1 0.26640625 0.2859375 0.065625 0.1171875
1 0.49453125 0.31640625 0.0546875 0.0921875