0 0.95703125 0.453125 0.0859375 0.159375
0 0.6046875 0.49609375 0.1703125 0.2703125
0 0.878125 0.5078125 0.09375 0.1390625
0 0.7171875 0.42578125 0.075 0.128125
0 0.0921875 0.3015625 0.1171875 0.1625
0 0.81796875 0.47890625 0.1171875 0.1921875
0 0.275 0.4390625 0.171875 0.275
0 0.55625 0.29765625 0.06875 0.1296875
0 0.203125 0.33828125 0.109375 0.1640625
0 0.090625 0.21953125 0.0765625 0.1078125
0 0.21328125 0.21171875 0.05625 0.0796875
0 0.36484375 0.29453125 0.040625 0.0734375
0 0.459375 0.303125 0.0609375 0.0953125
0 0.640625 0.36328125 0.0734375 0.1015625