1 0.1859375 0.2578125 0.0890625 0.1203125
1 0.10625 0.22734375 0.078125 0.115625
1 0.32265625 0.26171875 0.0671875 0.1015625
1 0.61640625 0.3109375 0.0625 0.09375
1 0.4703125 0.2953125 0.071875 0.1015625
1 0.37265625 0.26796875 0.05625 0.0890625
1 0.72578125 0.35234375 0.059375 0.0875
1 0.53828125 0.3 0.0546875 0.0828125
1 0.92734375 0.36171875 0.059375 0.090625
1 0.821875 0.459375 0.0703125 0.075
1 0.83046875 0.35703125 0.0453125 0.06875
1 0.2703125 0.28203125 0.0671875 0.1171875
1 0.49765625 0.31640625 0.05625 0.09375