1 0.58046875 0.24765625 0.1171875 0.140625
1 0.5 0.28359375 0.15625 0.175
1 0.046875 0.27421875 0.0609375 0.0828125
1 0.25625 0.27109375 0.0671875 0.0828125
1 0.1484375 0.3765625 0.059375 0.078125
1 0.29921875 0.3203125 0.0765625 0.096875
0 0.25625 0.14453125 0.0515625 0.078125
0 0.36484375 0.1640625 0.0453125 0.0671875
0 0.43671875 0.16328125 0.0609375 0.071875
0 0.7078125 0.2515625 0.053125 0.071875
0 0.6734375 0.1671875 0.0578125 0.078125
0 0.51484375 0.1640625 0.0546875 0.071875
0 0.81875 0.15234375 0.0421875 0.0671875