1 0.1 0.3421875 0.09375 0.178125
1 0.84140625 0.2984375 0.0796875 0.1390625
1 0.66796875 0.290625 0.10625 0.175
1 0.36015625 0.3296875 0.0921875 0.1515625
1 0.95703125 0.3125 0.0671875 0.175
1 0.421875 0.33984375 0.065625 0.1125
1 0.23359375 0.3671875 0.0609375 0.1125
1 0.47265625 0.3546875 0.0640625 0.1234375
1 0.63671875 0.30546875 0.0703125 0.14375
1 0.52109375 0.36796875 0.0453125 0.0875
0 0.571875 0.3421875 0.05 0.0921875
1 0.2953125 0.3875 0.046875 0.078125
1 0.0671875 0.3890625 0.0671875 0.121875