1 0.8984375 0.5015625 0.1328125 0.18125
1 0.0703125 0.42578125 0.053125 0.065625
1 0.115625 0.4296875 0.04375 0.0609375
1 0.63515625 0.48046875 0.0921875 0.1359375
1 0.5875 0.48828125 0.0640625 0.1046875
1 0.53515625 0.48671875 0.05625 0.084375
1 0.509375 0.4609375 0.053125 0.0890625
1 0.39765625 0.484375 0.0515625 0.06875
1 0.34921875 0.471875 0.0484375 0.0703125
1 0.27890625 0.45390625 0.0515625 0.075
1 0.21640625 0.45703125 0.0296875 0.046875
1 0.15859375 0.43828125 0.04375 0.0640625
1 0.18359375 0.440625 0.0328125 0.05625
0 0.43984375 0.46796875 0.0390625 0.0609375
0 0.48515625 0.49375 0.0359375 0.0515625