1 0.7046875 0.3375 0.084375 0.128125
1 0.48359375 0.415625 0.0671875 0.1015625
0 0.77421875 0.37265625 0.103125 0.14375
0 0.28046875 0.4578125 0.0984375 0.146875
0 0.06171875 0.45078125 0.1234375 0.2328125
0 0.3890625 0.44375 0.09375 0.1296875
0 0.15546875 0.49296875 0.0875 0.13125
0 0.8328125 0.35 0.0796875 0.1109375
0 0.59765625 0.4234375 0.078125 0.11875
0 0.2328125 0.49609375 0.06875 0.1
0 0.32421875 0.46171875 0.059375 0.1
0 0.89609375 0.3640625 0.065625 0.0953125
0 0.640625 0.4453125 0.0703125 0.103125
0 0.54765625 0.3890625 0.0515625 0.0765625
0 0.53828125 0.44921875 0.0625 0.0875
0 0.19609375 0.515625 0.059375 0.1015625
0 0.4625 0.46953125 0.059375 0.0859375