1 0.1015625 0.521875 0.140625 0.1859375
1 0.925 0.403125 0.05625 0.0671875
1 0.88046875 0.41015625 0.046875 0.0625
1 0.3640625 0.4875 0.0984375 0.1375
1 0.41171875 0.49296875 0.06875 0.10625
1 0.46484375 0.4890625 0.059375 0.0859375
1 0.4890625 0.46171875 0.0578125 0.0890625
1 0.60078125 0.47890625 0.0546875 0.0703125
1 0.64921875 0.4640625 0.0515625 0.0703125
1 0.71875 0.4421875 0.0546875 0.0765625
1 0.78125 0.4421875 0.03125 0.046875
1 0.8375 0.4203125 0.046875 0.0640625
1 0.8125 0.4234375 0.0359375 0.0578125
0 0.55859375 0.46484375 0.0421875 0.0609375
0 0.5140625 0.49296875 0.0375 0.053125