1 0.33828125 0.1921875 0.0515625 0.0796875
1 0.68046875 0.165625 0.0546875 0.096875
1 0.14453125 0.2171875 0.040625 0.0875
1 0.21484375 0.25078125 0.0375 0.071875
1 0.23359375 0.21640625 0.03125 0.0640625
1 0.83515625 0.3234375 0.065625 0.1328125
1 0.70625 0.178125 0.0359375 0.090625
1 0.6078125 0.2 0.0453125 0.090625
1 0.446875 0.2140625 0.0453125 0.09375
1 0.49140625 0.2390625 0.0515625 0.0875
1 0.54296875 0.23203125 0.025 0.0546875
1 0.08671875 0.2078125 0.0453125 0.08125
1 0.01875 0.1984375 0.0234375 0.084375