1 0.7078125 0.64375 0.09375 0.1484375
1 0.9 0.5 0.0828125 0.1359375
1 0.52578125 0.6796875 0.10625 0.165625
1 0.75390625 0.58984375 0.0796875 0.121875
1 0.94609375 0.471875 0.0734375 0.125
1 0.19140625 0.5671875 0.0796875 0.1296875
1 0.21171875 0.7109375 0.078125 0.125
1 0.62578125 0.5296875 0.0734375 0.1109375
1 0.31171875 0.796875 0.1140625 0.1984375
1 0.778125 0.47265625 0.08125 0.140625
1 0.55 0.59453125 0.0828125 0.1109375
1 0.31484375 0.63515625 0.0671875 0.109375
1 0.55859375 0.503125 0.0640625 0.0953125
1 0.45625 0.4734375 0.0625 0.0984375
1 0.4375 0.60234375 0.0671875 0.0984375