0 0.928125 0.30078125 0.0703125 0.1171875
0 0.80859375 0.253125 0.06875 0.1140625
0 0.76015625 0.1828125 0.0578125 0.109375
0 0.684375 0.26875 0.0671875 0.1140625
0 0.6234375 0.2390625 0.0609375 0.1109375
0 0.5609375 0.18046875 0.0546875 0.0796875
0 0.5140625 0.27890625 0.0671875 0.0984375
0 0.48671875 0.2109375 0.053125 0.0984375
0 0.378125 0.215625 0.0640625 0.0953125
0 0.1890625 0.365625 0.059375 0.0875
0 0.3265625 0.225 0.05625 0.0984375
0 0.05 0.32734375 0.071875 0.1359375
0 0.15234375 0.27734375 0.059375 0.0953125
0 0.2234375 0.23203125 0.06875 0.10625
0 0.22578125 0.15234375 0.05 0.0796875
0 0.15078125 0.1875 0.059375 0.0875