1 0.553125 0.17734375 0.0890625 0.1375
1 0.340625 0.2171875 0.084375 0.1140625
1 0.734375 0.23515625 0.115625 0.1796875
1 0.05390625 0.32265625 0.1078125 0.2421875
1 0.90625 0.18359375 0.06875 0.103125
1 0.23359375 0.25546875 0.053125 0.0796875
1 0.1921875 0.234375 0.04375 0.0671875
0 0.30546875 0.2375 0.040625 0.071875
1 0.38828125 0.22734375 0.046875 0.0921875
1 0.43828125 0.21640625 0.0453125 0.0734375
1 0.47109375 0.21015625 0.05 0.08125
0 0.11640625 0.25390625 0.0484375 0.0546875
1 0.14140625 0.2296875 0.040625 0.05625
0 0.7953125 0.2171875 0.06875 0.1265625
1 0.671875 0.15390625 0.0421875 0.059375