1 0.28984375 0.63984375 0.096875 0.15
1 0.1 0.49296875 0.084375 0.1375
1 0.47109375 0.67890625 0.1078125 0.165625
1 0.24453125 0.58515625 0.08125 0.121875
1 0.05390625 0.4640625 0.075 0.125
1 0.8078125 0.57265625 0.08125 0.1296875
1 0.78515625 0.715625 0.0796875 0.1265625
1 0.3734375 0.52734375 0.075 0.1109375
1 0.68359375 0.80078125 0.115625 0.1984375
1 0.22265625 0.46796875 0.0828125 0.140625
1 0.4484375 0.59296875 0.084375 0.1125
1 0.6828125 0.63828125 0.06875 0.109375
1 0.44140625 0.50234375 0.065625 0.0953125
1 0.54453125 0.47421875 0.0640625 0.0984375
1 0.5609375 0.60390625 0.06875 0.1