1 0.7453125 0.40859375 0.0625 0.1203125
1 0.5109375 0.41484375 0.0484375 0.0953125
0 0.8 0.46328125 0.078125 0.1328125
0 0.3046875 0.3921875 0.071875 0.1390625
0 0.075 0.31015625 0.134375 0.2140625
0 0.41171875 0.4125 0.071875 0.1203125
0 0.17421875 0.38671875 0.0640625 0.1234375
0 0.8625 0.46015625 0.0609375 0.1015625
0 0.61640625 0.4578125 0.0578125 0.1109375
0 0.246875 0.4140625 0.05 0.0921875
0 0.34453125 0.40859375 0.040625 0.0953125
0 0.91875 0.49296875 0.0484375 0.0890625
0 0.65078125 0.49140625 0.053125 0.096875
0 0.5796875 0.409375 0.0375 0.071875
0 0.55234375 0.46328125 0.0484375 0.0796875
0 0.20625 0.42109375 0.040625 0.0984375
0 0.47421875 0.459375 0.04375 0.0796875