1 0.446875 0.17734375 0.0890625 0.1375
1 0.659375 0.2171875 0.084375 0.1140625
1 0.265625 0.23515625 0.115625 0.1796875
1 0.9453125 0.32265625 0.109375 0.2421875
1 0.09375 0.18359375 0.06875 0.103125
1 0.76640625 0.25546875 0.053125 0.0796875
1 0.8078125 0.234375 0.04375 0.0671875
0 0.69453125 0.2375 0.040625 0.071875
1 0.61171875 0.22734375 0.046875 0.0921875
1 0.56171875 0.21640625 0.0453125 0.0734375
1 0.52890625 0.21015625 0.05 0.08125
0 0.88359375 0.25390625 0.0484375 0.0546875
1 0.85859375 0.2296875 0.040625 0.05625
0 0.2046875 0.2171875 0.06875 0.1265625
1 0.328125 0.15390625 0.0421875 0.059375