0 0.959375 0.4015625 0.08125 0.125
0 0.85625 0.32890625 0.0859375 0.121875
0 0.825 0.24921875 0.0734375 0.115625
0 0.73125 0.315625 0.084375 0.121875
0 0.67890625 0.2734375 0.078125 0.11875
0 0.63125 0.20234375 0.065625 0.0859375
0 0.56328125 0.28828125 0.08125 0.10625
0 0.55234375 0.215625 0.0671875 0.103125
0 0.4453125 0.1953125 0.0765625 0.103125
0 0.22734375 0.29921875 0.071875 0.09375
0 0.39296875 0.19296875 0.0703125 0.1046875
0 0.1 0.23046875 0.0921875 0.14375
0 0.2109375 0.20546875 0.0734375 0.1015625
0 0.290625 0.1765625 0.084375 0.1140625
0 0.3109375 0.09921875 0.0609375 0.084375
0 0.2296875 0.1171875 0.071875 0.09375