1 0.31953125 0.43203125 0.1015625 0.1640625
1 0.67265625 0.403125 0.0875 0.140625
1 0.103125 0.4984375 0.0828125 0.1359375
1 0.04609375 0.5296875 0.078125 0.1140625
1 0.48984375 0.41484375 0.0703125 0.109375
1 0.63203125 0.4625 0.05625 0.0921875
1 0.85390625 0.4078125 0.0515625 0.0875
1 0.9328125 0.4171875 0.0625 0.084375
1 0.89296875 0.4078125 0.0546875 0.1
1 0.409375 0.5015625 0.04375 0.071875
1 0.5890625 0.4515625 0.0375 0.0609375
1 0.15546875 0.51875 0.034375 0.0609375
1 0.28046875 0.4953125 0.0265625 0.04375