1 0.9375 0.33671875 0.0703125 0.140625
1 0.79765625 0.3625 0.0640625 0.1109375
1 0.1484375 0.4359375 0.0671875 0.115625
1 0.42265625 0.40078125 0.0625 0.1046875
1 0.56953125 0.38203125 0.0578125 0.1140625
1 0.47734375 0.3984375 0.0453125 0.0890625
1 0.2390625 0.45625 0.05625 0.096875
1 0.6328125 0.390625 0.0421875 0.0890625
1 0.88359375 0.39609375 0.0375 0.0828125
1 0.83984375 0.39765625 0.05 0.0859375
1 0.73984375 0.4109375 0.0515625 0.0859375
1 0.66640625 0.41328125 0.05 0.0984375
1 0.3484375 0.4171875 0.0484375 0.0984375
1 0.0578125 0.484375 0.0359375 0.059375
1 0.0140625 0.50625 0.028125 0.0625