1 0.91015625 0.278125 0.0875 0.146875
1 0.775 0.32265625 0.078125 0.1171875
1 0.14296875 0.4859375 0.08125 0.1203125
1 0.409375 0.4125 0.0765625 0.1109375
1 0.55234375 0.37421875 0.071875 0.11875
1 0.46328125 0.40234375 0.05625 0.09375
1 0.2359375 0.49296875 0.06875 0.1015625
1 0.615625 0.3734375 0.053125 0.0921875
1 0.865625 0.34375 0.0484375 0.0859375
1 0.82265625 0.3515625 0.0609375 0.090625
1 0.725 0.37890625 0.0625 0.090625
1 0.65234375 0.390625 0.0625 0.103125
1 0.33828125 0.4390625 0.0609375 0.103125
1 0.06015625 0.54609375 0.04375 0.0625
1 0.0203125 0.575 0.0375 0.0640625