1 0.65625 0.3875 0.0890625 0.159375
1 0.30859375 0.45078125 0.0765625 0.1359375
1 0.8828125 0.39609375 0.071875 0.1328125
1 0.94609375 0.41171875 0.06875 0.1109375
1 0.4875 0.41484375 0.0625 0.10625
1 0.3625 0.49765625 0.05 0.0890625
1 0.134375 0.503125 0.0453125 0.0859375
1 0.06015625 0.53203125 0.05625 0.08125
1 0.09609375 0.5125 0.046875 0.0984375
1 0.58828125 0.478125 0.0375 0.0703125
1 0.4015625 0.4765625 0.0328125 0.059375
1 0.8375 0.42890625 0.0296875 0.059375
1 0.7109375 0.43828125 0.0234375 0.04375