1 0.95703125 0.28203125 0.0734375 0.1234375
0 0.71953125 0.253125 0.0921875 0.1515625
0 0.54765625 0.26875 0.0890625 0.1453125
0 0.22265625 0.23203125 0.075 0.15625
0 0.4046875 0.23984375 0.065625 0.13125
1 0.48984375 0.23984375 0.0359375 0.0765625
1 0.6546875 0.25390625 0.0453125 0.096875
1 0.45703125 0.23828125 0.0421875 0.09375
1 0.27421875 0.23359375 0.0390625 0.0828125
0 0.1296875 0.2265625 0.0484375 0.096875
0 0.89609375 0.28515625 0.0515625 0.0875
0 0.99140625 0.3046875 0.0171875 0.0875
0 0.85859375 0.27578125 0.03125 0.0625