1 0.03828125 0.7671875 0.0765625 0.240625
1 0.209375 0.76171875 0.140625 0.2046875
1 0.28671875 0.80390625 0.125 0.1796875
1 0.96953125 0.43671875 0.0609375 0.1515625
1 0.9390625 0.32578125 0.1140625 0.1578125
1 0.85546875 0.2265625 0.090625 0.134375
1 0.81953125 0.41953125 0.10625 0.15
1 0.79375 0.58046875 0.1203125 0.178125
1 0.62578125 0.75390625 0.1171875 0.184375
1 0.50390625 0.7234375 0.1203125 0.178125
1 0.4078125 0.63671875 0.1328125 0.203125
1 0.67421875 0.63203125 0.1046875 0.140625
1 0.59765625 0.6859375 0.1171875 0.165625
1 0.415625 0.48359375 0.109375 0.1640625
1 0.521875 0.55390625 0.1078125 0.1625
1 0.6046875 0.43046875 0.1109375 0.1484375
1 0.69921875 0.5078125 0.1109375 0.1609375
1 0.4359375 0.371875 0.10625 0.1375
1 0.7375 0.38984375 0.1015625 0.134375
1 0.76171875 0.315625 0.1109375 0.1328125
1 0.69921875 0.24609375 0.096875 0.1578125
1 0.71328125 0.1515625 0.0953125 0.1359375
1 0.56171875 0.2484375 0.103125 0.16875
1 0.3703125 0.1625 0.0953125 0.1640625
1 0.48046875 0.21484375 0.096875 0.1421875
1 0.49609375 0.325 0.0875 0.13125
1 0.42265625 0.078125 0.1015625 0.15625
1 0.590625 0.16328125 0.084375 0.1078125
1 0.55625 0.103125 0.096875 0.1453125
1 0.17578125 0.08828125 0.0890625 0.153125