1 0.48125 0.33984375 0.0734375 0.103125
1 0.69765625 0.4078125 0.084375 0.1203125
1 0.8625 0.24140625 0.1 0.134375
1 0.3703125 0.50546875 0.078125 0.1171875
1 0.62890625 0.3078125 0.0765625 0.1125
1 0.53515625 0.41796875 0.090625 0.121875
1 0.26328125 0.48125 0.0640625 0.0984375
1 0.21875 0.34765625 0.0625 0.0921875
1 0.02578125 0.51875 0.0515625 0.071875
1 0.02890625 0.459375 0.0484375 0.0640625
1 0.0921875 0.48984375 0.0609375 0.084375
1 0.10234375 0.4109375 0.053125 0.0671875
2 0.40078125 0.61640625 0.1875 0.353125
2 0.55546875 0.57109375 0.225 0.40625
2 0.7015625 0.540625 0.21875 0.409375
0 0.80859375 0.34453125 0.1109375 0.1578125
2 0.05859375 0.60546875 0.1171875 0.2640625
2 0.1390625 0.58203125 0.15 0.265625
2 0.3015625 0.60234375 0.175 0.3390625
1 0.196875 0.484375 0.053125 0.0859375
2 0.23203125 0.603125 0.1546875 0.33125
2 0.240625 0.37734375 0.1265625 0.1671875
1 0.1625 0.39375 0.0546875 0.0734375
2 0.16640625 0.4109375 0.096875 0.1296875
2 0.12421875 0.4671875 0.0875 0.1734375
2 0.05078125 0.49921875 0.084375 0.1390625
2 0.8234375 0.4921875 0.215625 0.440625
2 0.4734375 0.3640625 0.134375 0.1578125