1 0.09296875 0.24375 0.071875 0.1078125
1 0.86484375 0.41875 0.05625 0.096875
1 0.778125 0.38515625 0.0625 0.096875
1 0.64375 0.3828125 0.059375 0.09375
1 0.45703125 0.34609375 0.0578125 0.084375
1 0.596875 0.33515625 0.04375 0.071875
1 0.90234375 0.4125 0.0359375 0.0578125
1 0.53125 0.41171875 0.0484375 0.0828125
1 0.50078125 0.33203125 0.0453125 0.08125
1 0.3484375 0.2984375 0.040625 0.0671875
1 0.29921875 0.2890625 0.05 0.08125
1 0.22265625 0.2734375 0.05 0.078125
1 0.40234375 0.45078125 0.05 0.075
1 0.15625 0.2765625 0.05625 0.096875
1 0.4359375 0.3078125 0.0421875 0.0734375