1 0.44609375 0.34765625 0.0734375 0.103125
1 0.28203125 0.50390625 0.084375 0.1203125
1 0.06015625 0.4265625 0.1 0.134375
1 0.61875 0.4484375 0.078125 0.1171875
1 0.3 0.38359375 0.0765625 0.1125
1 0.4328125 0.44140625 0.090625 0.121875
1 0.7046875 0.37890625 0.0640625 0.0984375
1 0.6859375 0.23984375 0.0625 0.0921875
1 0.93671875 0.30859375 0.05625 0.071875
1 0.90546875 0.25703125 0.0484375 0.0640625
1 0.8625 0.3125 0.0609375 0.084375
1 0.81796875 0.2453125 0.053125 0.0671875
2 0.63984375 0.56171875 0.1875 0.353125
2 0.48125 0.58828125 0.225 0.40625
2 0.33671875 0.625 0.21875 0.409375
0 0.15390625 0.4953125 0.1109375 0.1578125
2 0.94140625 0.39921875 0.1171875 0.2640625
2 0.86015625 0.41484375 0.15 0.265625
2 0.7234375 0.5046875 0.175 0.3390625
1 0.765625 0.353125 0.053125 0.0859375
2 0.7859375 0.475 0.1546875 0.33125
2 0.67890625 0.27578125 0.1265625 0.1671875
1 0.75625 0.25625 0.0546875 0.0734375
2 0.76015625 0.27421875 0.096875 0.1296875
2 0.8234375 0.30625 0.0875 0.1734375
2 0.903125 0.30234375 0.084375 0.1390625
2 0.20546875 0.634375 0.215625 0.440625
2 0.4640625 0.36640625 0.134375 0.1578125