1 0.0484375 0.334375 0.0640625 0.1046875
1 0.83984375 0.34453125 0.05 0.09375
1 0.7484375 0.3296875 0.05625 0.0953125
1 0.615625 0.35546875 0.053125 0.090625
1 0.42578125 0.35859375 0.053125 0.0828125
1 0.56015625 0.31875 0.0390625 0.06875
1 0.875 0.33046875 0.03125 0.05625
1 0.5125 0.4078125 0.04375 0.08125
1 0.465625 0.3359375 0.0390625 0.078125
1 0.31015625 0.334375 0.0359375 0.065625
1 0.26015625 0.33515625 0.0453125 0.0796875
1 0.18125 0.3359375 0.0453125 0.0765625
1 0.39375 0.471875 0.0453125 0.0734375
1 0.1171875 0.353125 0.05 0.09375
1 0.39765625 0.32578125 0.0375 0.071875