1 0.1453125 0.91015625 0.146875 0.1796875
1 0.33515625 0.8546875 0.1375 0.203125
1 0.42265625 0.8625 0.1234375 0.178125
1 0.92421875 0.25078125 0.09375 0.15
1 0.8359375 0.16796875 0.1109375 0.15625
1 0.7203125 0.109375 0.0875 0.134375
1 0.76328125 0.30078125 0.1046875 0.15
1 0.8015625 0.459375 0.1171875 0.1765625
1 0.71484375 0.684375 0.115625 0.1828125
1 0.590625 0.7046875 0.1171875 0.1765625
1 0.46875 0.66171875 0.1296875 0.2015625
1 0.71171875 0.55390625 0.103125 0.1390625
1 0.6625 0.6328125 0.115625 0.1640625
1 0.415625 0.51796875 0.10625 0.1625
1 0.54140625 0.54140625 0.1046875 0.1625
1 0.56953125 0.3953125 0.1078125 0.146875
1 0.68671875 0.4296875 0.1078125 0.159375
1 0.39140625 0.40703125 0.1046875 0.1375
1 0.67578125 0.30625 0.1 0.1328125
1 0.66875 0.22734375 0.109375 0.13125
1 0.584375 0.18828125 0.0953125 0.1578125
1 0.56015625 0.09609375 0.09375 0.134375
1 0.45859375 0.24453125 0.1 0.1671875
1 0.24921875 0.23984375 0.09375 0.1625
1 0.37109375 0.2453125 0.0953125 0.140625
1 0.428125 0.340625 0.0859375 0.1296875
1 0.26328125 0.13984375 0.0984375 0.1609375
1 0.4515625 0.1546875 0.0828125 0.1078125
1 0.396875 0.1125 0.09375 0.1453125
1 0.0421875 0.24765625 0.084375 0.1515625