0 0.86796875 0.32578125 0.046875 0.084375
0 0.7296875 0.3078125 0.053125 0.090625
0 0.91640625 0.34140625 0.04375 0.0625
0 0.8234375 0.2984375 0.046875 0.0875
0 0.65859375 0.30234375 0.034375 0.059375
0 0.6328125 0.328125 0.053125 0.078125
0 0.5625 0.33046875 0.053125 0.0875
0 0.4546875 0.353125 0.046875 0.078125
0 0.42109375 0.32734375 0.040625 0.08125
0 0.38984375 0.3546875 0.053125 0.08125
0 0.240625 0.3640625 0.040625 0.075
0 0.25859375 0.33125 0.034375 0.0765625
0 0.10703125 0.353125 0.04375 0.071875
0 0.00859375 0.35234375 0.0171875 0.0984375