0 0.784375 0.434375 0.0640625 0.11875
0 0.67265625 0.44296875 0.078125 0.1234375
0 0.9546875 0.47578125 0.0875 0.2125
0 0.5796875 0.41484375 0.0453125 0.0796875
0 0.875 0.4421875 0.0578125 0.084375
0 0.521875 0.43984375 0.0359375 0.059375
1 0.29921875 0.43046875 0.0453125 0.0640625
1 0.3625 0.42265625 0.03125 0.0515625
1 0.38828125 0.40703125 0.0359375 0.0515625
0 0.4265625 0.43203125 0.040625 0.071875
0 0.4984375 0.43046875 0.03125 0.0671875
0 0.20078125 0.41328125 0.0390625 0.075
0 0.1734375 0.42265625 0.0296875 0.0453125