0 0.78984375 0.46953125 0.078125 0.125
0 0.67890625 0.4640625 0.0921875 0.13125
0 0.9484375 0.53046875 0.103125 0.2203125
0 0.5890625 0.425 0.0546875 0.084375
0 0.8796875 0.48828125 0.0671875 0.0890625
0 0.52890625 0.44375 0.0421875 0.0625
1 0.30859375 0.40703125 0.0515625 0.06875
1 0.37265625 0.40625 0.0359375 0.0546875
1 0.40078125 0.39453125 0.040625 0.0546875
0 0.4359375 0.42421875 0.05 0.0765625
0 0.50625 0.43046875 0.0390625 0.0703125
0 0.21328125 0.37734375 0.0484375 0.0796875
0 0.18515625 0.3828125 0.034375 0.0484375