0 0.14453125 0.30078125 0.0515625 0.0859375
0 0.284375 0.29296875 0.059375 0.0921875
0 0.0953125 0.3125 0.046875 0.065625
0 0.19140625 0.2765625 0.053125 0.0890625
0 0.35546875 0.2921875 0.0375 0.0609375
0 0.3796875 0.31953125 0.0578125 0.08125
0 0.44921875 0.3265625 0.059375 0.090625
0 0.55546875 0.35703125 0.0515625 0.0796875
0 0.590625 0.3328125 0.046875 0.0828125
0 0.61953125 0.3625 0.0578125 0.084375
0 0.76875 0.3828125 0.0453125 0.0765625
0 0.75234375 0.3484375 0.0390625 0.078125
0 0.90234375 0.38125 0.0484375 0.0734375
0 0.99453125 0.38671875 0.0109375 0.0984375