1 0.875 0.346875 0.053125 0.1046875
1 0.315625 0.30078125 0.06875 0.1265625
1 0.60625 0.35078125 0.0703125 0.121875
1 0.76953125 0.34140625 0.0734375 0.1390625
1 0.8109375 0.3859375 0.0640625 0.1140625
1 0.72734375 0.365625 0.040625 0.0953125
1 0.57421875 0.321875 0.028125 0.0640625
1 0.5359375 0.30078125 0.0765625 0.128125
0 0.4875 0.309375 0.05625 0.1203125
1 0.4484375 0.3234375 0.0359375 0.0625
1 0.21484375 0.290625 0.0484375 0.084375
1 0.14140625 0.3 0.0453125 0.0890625
1 0.09609375 0.27109375 0.0765625 0.1609375
1 0.04375 0.27734375 0.059375 0.10625