1 0.84296875 0.284375 0.05625 0.10625
1 0.284375 0.3359375 0.0734375 0.1296875
1 0.578125 0.334375 0.0734375 0.1234375
1 0.7375 0.296875 0.078125 0.140625
1 0.78671875 0.33359375 0.0671875 0.115625
1 0.7 0.328125 0.04375 0.0953125
1 0.5421875 0.31171875 0.03125 0.065625
1 0.50078125 0.296875 0.08125 0.1296875
0 0.4546875 0.31484375 0.059375 0.121875
1 0.41796875 0.33515625 0.0375 0.0625
1 0.1828125 0.34296875 0.05 0.0859375
1 0.11171875 0.365625 0.0484375 0.090625
1 0.0625 0.34453125 0.08125 0.1625
1 0.021875 0.35859375 0.04375 0.1078125