1 0.53359375 0.10703125 0.090625 0.165625
1 0.17265625 0.60078125 0.146875 0.2265625
1 0.6390625 0.665625 0.14375 0.2328125
1 0.890625 0.171875 0.09375 0.153125
1 0.8515625 0.5484375 0.1296875 0.1984375
1 0.96875 0.14140625 0.0625 0.1453125
1 0.4703125 0.18515625 0.0875 0.1625
1 0.0515625 0.17265625 0.0765625 0.2234375
1 0.83515625 0.26171875 0.1109375 0.203125
1 0.35546875 0.08671875 0.1015625 0.1734375
1 0.11875 0.340625 0.1203125 0.2140625
1 0.72734375 0.17734375 0.0984375 0.13125
1 0.2015625 0.16328125 0.115625 0.221875
1 0.84921875 0.096875 0.109375 0.15625
1 0.73125 0.671875 0.1125 0.184375
1 0.3296875 0.321875 0.13125 0.221875
1 0.5140625 0.28125 0.10625 0.2
1 0.73203125 0.30390625 0.11875 0.2375
1 0.56796875 0.3546875 0.1078125 0.15625
1 0.815625 0.49765625 0.128125 0.2140625
0 0.521875 0.85625 0.1375 0.2234375
0 0.1453125 0.85234375 0.13125 0.2046875
0 0.9546875 0.5953125 0.090625 0.2421875
0 0.04375 0.703125 0.0875 0.203125
2 0.334375 0.6140625 0.2453125 0.759375
2 0.08984375 0.42109375 0.1421875 0.359375
2 0.20859375 0.28125 0.15 0.4328125
2 0.3671875 0.13046875 0.165625 0.2609375
2 0.5375 0.51484375 0.159375 0.4625
2 0.9375 0.74375 0.121875 0.5125
2 0.64140625 0.78828125 0.1859375 0.4234375
2 0.84140625 0.7328125 0.1515625 0.534375
2 0.48046875 0.590625 0.1546875 0.7921875
2 0.95859375 0.29375 0.0828125 0.45