1 0.2171875 0.2890625 0.11875 0.196875
1 0.08125 0.35 0.075 0.125
1 0.51796875 0.3078125 0.05625 0.1078125
1 0.32421875 0.225 0.1328125 0.221875
1 0.78125 0.234375 0.0921875 0.1796875
1 0.39296875 0.29609375 0.0703125 0.1421875
1 0.5734375 0.303125 0.0515625 0.1078125
1 0.60078125 0.3046875 0.0546875 0.1046875
1 0.015625 0.36875 0.03125 0.0875
1 0.89375 0.259375 0.2125 0.50625
1 0.68359375 0.2984375 0.040625 0.071875
1 0.64609375 0.31875 0.04375 0.0859375
1 0.4296875 0.315625 0.046875 0.13125
1 0.46171875 0.3515625 0.0546875 0.1015625