1 0.50078125 0.10546875 0.0875 0.1640625
1 0.8171875 0.62890625 0.14375 0.2234375
1 0.346875 0.65234375 0.1390625 0.2296875
1 0.13984375 0.1390625 0.090625 0.1515625
1 0.1453125 0.5171875 0.1265625 0.196875
1 0.05390625 0.10234375 0.0796875 0.1453125
1 0.55703125 0.1890625 0.084375 0.1609375
1 0.96875 0.2125 0.0625 0.221875
1 0.1875 0.23359375 0.10625 0.2015625
1 0.6796875 0.09765625 0.0984375 0.1796875
1 0.89375 0.37421875 0.1171875 0.2109375
1 0.3015625 0.15859375 0.096875 0.1296875
1 0.8265625 0.190625 0.1109375 0.2203125
1 0.18671875 0.07265625 0.1078125 0.1453125
1 0.2546875 0.65078125 0.109375 0.1828125
1 0.68515625 0.3375 0.128125 0.2203125
1 0.50546875 0.28046875 0.103125 0.1984375
1 0.2859375 0.284375 0.1140625 0.2359375
1 0.4453125 0.34921875 0.1046875 0.1546875
1 0.1859375 0.4703125 0.125 0.2125
0 0.446875 0.853125 0.1328125 0.2203125
0 0.82265625 0.88203125 0.1265625 0.203125
0 0.040625 0.5546875 0.08125 0.240625
0 0.94140625 0.74296875 0.0953125 0.2015625
2 0.65390625 0.625 0.2328125 0.75
2 0.915625 0.4578125 0.1359375 0.3578125
2 0.809375 0.3078125 0.1421875 0.43125
2 0.66484375 0.14140625 0.1609375 0.265625
2 0.4609375 0.5109375 0.1515625 0.459375
2 0.0484375 0.71640625 0.096875 0.5328125
2 0.33359375 0.7796875 0.178125 0.4296875
2 0.13828125 0.70859375 0.1421875 0.54375
2 0.51171875 0.5921875 0.1421875 0.790625
2 0.05078125 0.25390625 0.0953125 0.4484375