0 0.815625 0.25625 0.08125 0.1265625
0 0.73984375 0.25234375 0.071875 0.11875
0 0.903125 0.26796875 0.0859375 0.175
0 0.45234375 0.2109375 0.06875 0.1015625
0 0.95859375 0.26796875 0.0796875 0.16875
0 0.6625 0.26171875 0.0375 0.075
0 0.9703125 0.25625 0.059375 0.346875
0 0.68984375 0.28046875 0.0421875 0.0796875
0 0.55859375 0.24921875 0.059375 0.1015625
0 0.59375 0.2421875 0.046875 0.090625
0 0.51015625 0.22109375 0.0390625 0.071875
0 0.3453125 0.22734375 0.0375 0.0640625
0 0.3703125 0.21640625 0.0375 0.075