0 0.828125 0.2734375 0.0859375 0.128125
0 0.75234375 0.265625 0.078125 0.1203125
0 0.91484375 0.28984375 0.09375 0.1765625
0 0.46796875 0.20859375 0.0734375 0.103125
0 0.96328125 0.29296875 0.0734375 0.1703125
0 0.675 0.27109375 0.040625 0.0765625
0 0.971875 0.28359375 0.05625 0.3484375
0 0.7015625 0.290625 0.0453125 0.0796875
0 0.571875 0.25234375 0.0640625 0.103125
0 0.60703125 0.24765625 0.05 0.0921875
0 0.525 0.221875 0.0421875 0.0734375
0 0.359375 0.21953125 0.040625 0.065625
0 0.38515625 0.209375 0.040625 0.0765625