1 0.89453125 0.5078125 0.0890625 0.134375
1 0.84296875 0.4265625 0.0671875 0.1125
1 0.775 0.47109375 0.0765625 0.128125
1 0.60078125 0.453125 0.084375 0.14375
1 0.8125 0.359375 0.06875 0.1
1 0.784375 0.3 0.0671875 0.09375
1 0.72265625 0.2859375 0.0625 0.0984375
1 0.56875 0.21875 0.0609375 0.0921875
1 0.528125 0.30703125 0.065625 0.1234375
1 0.49140625 0.41171875 0.0734375 0.1265625
1 0.43125 0.45703125 0.0859375 0.14375
1 0.465625 0.23359375 0.06875 0.1140625
1 0.26953125 0.40078125 0.075 0.11875
1 0.32265625 0.328125 0.0671875 0.103125
1 0.1140625 0.41640625 0.1046875 0.1609375
2 0.88125 0.7234375 0.228125 0.553125
2 0.7359375 0.6984375 0.228125 0.603125
2 0.565625 0.684375 0.275 0.63125
2 0.396875 0.678125 0.240625 0.6171875
2 0.275 0.671875 0.21875 0.6046875
2 0.203125 0.64453125 0.2078125 0.6234375
2 0.1046875 0.63515625 0.209375 0.6265625
2 0.84140625 0.484375 0.1296875 0.23125
2 0.69921875 0.49765625 0.134375 0.2203125
2 0.47890625 0.46796875 0.1609375 0.24375
2 0.30078125 0.4046875 0.196875 0.2640625
2 0.66796875 0.3671875 0.115625 0.1859375
2 0.52421875 0.3703125 0.153125 0.234375
2 0.44609375 0.3 0.153125 0.271875
2 0.56484375 0.27734375 0.1375 0.2171875
2 0.71875 0.3109375 0.090625 0.1578125
2 0.78359375 0.33359375 0.0921875 0.1546875
2 0.81484375 0.38515625 0.084375 0.1578125