1 0.8921875 0.453125 0.071875 0.125
1 0.8296875 0.3796875 0.053125 0.10625
1 0.76796875 0.4328125 0.059375 0.1203125
1 0.59296875 0.43984375 0.065625 0.134375
1 0.78984375 0.3171875 0.05625 0.09375
1 0.75390625 0.2625 0.05625 0.0875
1 0.690625 0.25703125 0.05 0.09375
1 0.52890625 0.21171875 0.05 0.0875
1 0.50078125 0.3046875 0.05 0.1171875
1 0.47890625 0.4140625 0.0578125 0.1203125
1 0.42578125 0.4671875 0.06875 0.134375
1 0.42890625 0.240625 0.053125 0.1078125
1 0.2578125 0.43359375 0.059375 0.1109375
1 0.30078125 0.3546875 0.053125 0.096875
1 0.10625 0.47109375 0.084375 0.15
2 0.91328125 0.696875 0.146875 0.59375
2 0.76484375 0.6828125 0.1421875 0.628125
2 0.59296875 0.6828125 0.190625 0.628125
2 0.42265625 0.690625 0.1578125 0.6
2 0.30078125 0.7015625 0.1375 0.590625
2 0.22578125 0.684375 0.125 0.6125
2 0.09765625 0.69375 0.1875 0.60625
2 0.8359375 0.43671875 0.1 0.21875
2 0.696875 0.4703125 0.10625 0.20625
2 0.475 0.47109375 0.1296875 0.228125
2 0.28984375 0.43359375 0.1640625 0.24375
2 0.64765625 0.3453125 0.0921875 0.175
2 0.50625 0.36796875 0.125 0.21875
2 0.41875 0.309375 0.11875 0.259375
2 0.5328125 0.2703125 0.109375 0.203125
2 0.690625 0.28203125 0.0703125 0.15
2 0.7578125 0.29609375 0.071875 0.146875
2 0.79609375 0.3421875 0.0640625 0.15