1 0.78671875 0.43359375 0.0875 0.1171875
1 0.3875 0.5765625 0.065625 0.0921875
1 0.06796875 0.5875 0.0515625 0.0609375
1 0.08125 0.54140625 0.04375 0.0546875
1 0.13046875 0.5625 0.05625 0.0609375
1 0.284375 0.55546875 0.0640625 0.078125
1 0.53984375 0.50390625 0.075 0.09375
1 0.6359375 0.42421875 0.065625 0.08125
1 0.85234375 0.365625 0.0890625 0.10625
1 0.25 0.44453125 0.05 0.071875
1 0.49375 0.44609375 0.05625 0.0796875
1 0.68984375 0.503125 0.096875 0.1265625
1 0.1484375 0.50546875 0.053125 0.0640625