1 0.9484375 0.3921875 0.078125 0.128125
1 0.47734375 0.3734375 0.065625 0.1328125
1 0.7578125 0.3859375 0.065625 0.1125
1 0.10625 0.375 0.08125 0.134375
1 0.32421875 0.35078125 0.0703125 0.128125
1 0.25703125 0.39609375 0.0609375 0.1125
1 0.8515625 0.37734375 0.0609375 0.109375
1 0.20703125 0.3921875 0.0546875 0.1078125
1 0.5734375 0.37578125 0.071875 0.115625
1 0.70234375 0.37578125 0.0546875 0.1015625
1 0.5296875 0.37109375 0.04375 0.1109375
1 0.36328125 0.40078125 0.0359375 0.06875
1 0.065625 0.41328125 0.05 0.1046875
1 0.39140625 0.4125 0.0328125 0.065625