1 0.30078125 0.2890625 0.1203125 0.16875
1 0.546875 0.18984375 0.1078125 0.1609375
1 0.48984375 0.26875 0.15625 0.2140625
0 0.78046875 0.1984375 0.2703125 0.3375
0 0.390625 0.32109375 0.1046875 0.1484375
0 0.03203125 0.40078125 0.0640625 0.1515625
0 0.071875 0.35390625 0.0890625 0.121875
2 0.1609375 0.64296875 0.321875 0.7140625
2 0.33671875 0.60234375 0.3859375 0.7953125
2 0.43515625 0.584375 0.2984375 0.675
2 0.55859375 0.57109375 0.375 0.8453125
2 0.63671875 0.49921875 0.3171875 0.815625
2 0.8234375 0.46953125 0.353125 0.9109375
2 0.71796875 0.48046875 0.5296875 0.9609375
0 0.6578125 0.0703125 0.13125 0.140625