1 0.20625 0.48984375 0.06875 0.10625
1 0.625 0.55390625 0.05 0.084375
1 0.940625 0.503125 0.0421875 0.053125
1 0.91875 0.4609375 0.034375 0.0484375
1 0.875 0.490625 0.046875 0.053125
1 0.721875 0.51328125 0.053125 0.06875
1 0.46171875 0.51171875 0.059375 0.084375
1 0.35234375 0.4515625 0.053125 0.071875
1 0.128125 0.43515625 0.071875 0.09375
1 0.73515625 0.39765625 0.0375 0.065625
1 0.49609375 0.44609375 0.04375 0.071875
1 0.3140625 0.5390625 0.075 0.115625
1 0.84609375 0.43828125 0.04375 0.05625