1 0.92265625 0.315625 0.0984375 0.1375
1 0.45546875 0.37890625 0.0859375 0.1390625
1 0.73359375 0.34296875 0.0828125 0.11875
1 0.08984375 0.4453125 0.1015625 0.14375
1 0.30078125 0.38359375 0.0890625 0.134375
1 0.24296875 0.43984375 0.078125 0.11875
1 0.825 0.31796875 0.078125 0.115625
1 0.19296875 0.44453125 0.071875 0.1140625
1 0.55078125 0.36484375 0.0890625 0.1234375
1 0.67734375 0.3421875 0.0703125 0.1078125
1 0.50625 0.36796875 0.0609375 0.1140625
1 0.34765625 0.42578125 0.046875 0.071875
1 0.05703125 0.48984375 0.065625 0.109375
1 0.378125 0.4328125 0.0421875 0.06875