1 0.65546875 0.2546875 0.09375 0.1578125
1 0.3953125 0.20390625 0.0828125 0.15
1 0.465625 0.27109375 0.121875 0.1984375
0 0.1671875 0.25703125 0.2203125 0.3078125
0 0.57265625 0.30390625 0.08125 0.1375
0 0.959375 0.309375 0.08125 0.140625
0 0.8921875 0.275 0.0703125 0.1140625
2 0.890625 0.61015625 0.21875 0.7796875
2 0.6828125 0.5875 0.2375 0.81875
2 0.5796875 0.5703125 0.1765625 0.6671875
2 0.45546875 0.58125 0.2234375 0.834375
2 0.365625 0.525 0.1671875 0.815625
2 0.1375 0.54140625 0.275 0.8890625
2 0.2765625 0.49375 0.353125 0.9875
0 0.25859375 0.08984375 0.103125 0.165625