1 0.1 0.25390625 0.1453125 0.2359375
0 0.03359375 0.3421875 0.0671875 0.134375
0 0.1953125 0.30703125 0.10625 0.1546875
0 0.3265625 0.2765625 0.0890625 0.1421875
0 0.478125 0.30625 0.0671875 0.1140625
0 0.509375 0.3234375 0.040625 0.078125
0 0.5859375 0.28359375 0.0625 0.1140625
0 0.62265625 0.30703125 0.0484375 0.075
0 0.71171875 0.26875 0.0625 0.10625
0 0.7390625 0.28046875 0.0453125 0.0796875
0 0.76640625 0.31328125 0.040625 0.06875
0 0.828125 0.30390625 0.0359375 0.05
0 0.87578125 0.328125 0.0375 0.0421875