1 0.07734375 0.31875 0.1546875 0.25
0 0.02890625 0.41796875 0.0578125 0.1421875
0 0.16875 0.35703125 0.1265625 0.165625
0 0.29375 0.30625 0.109375 0.1515625
0 0.4484375 0.3125 0.0828125 0.1203125
0 0.48203125 0.32421875 0.0515625 0.08125
0 0.5515625 0.27265625 0.078125 0.11875
0 0.59140625 0.290625 0.0578125 0.0796875
0 0.6734375 0.23828125 0.0765625 0.1109375
0 0.7015625 0.24609375 0.05625 0.084375
0 0.73359375 0.27421875 0.05 0.0734375
0 0.79296875 0.25546875 0.0421875 0.0546875
0 0.84375 0.271875 0.04375 0.046875