1 0.71328125 0.4125 0.0484375 0.0609375
1 0.6328125 0.4609375 0.053125 0.0609375
1 0.4875 0.41328125 0.046875 0.0625
1 0.16953125 0.2984375 0.0328125 0.0515625
0 0.88828125 0.6828125 0.0796875 0.0671875
0 0.8203125 0.46640625 0.0515625 0.0578125
0 0.9296875 0.58125 0.0640625 0.0859375
0 0.88359375 0.621875 0.0734375 0.075
0 0.73984375 0.4953125 0.0546875 0.065625
0 0.66875 0.53046875 0.0609375 0.065625
0 0.5625 0.50859375 0.0625 0.0765625
0 0.43515625 0.44609375 0.0609375 0.06875
0 0.34765625 0.28125 0.0375 0.04375
0 0.29140625 0.284375 0.0328125 0.0359375
1 0.3875 0.32734375 0.0390625 0.05
1 0.209375 0.2875 0.0375 0.04375