1 0.7078125 0.71875 0.0703125 0.1125
1 0.559375 0.52109375 0.0484375 0.078125
1 0.61640625 0.4984375 0.0484375 0.0734375
0 0.01875 0.63671875 0.0375 0.0734375
0 0.1015625 0.64609375 0.0546875 0.0796875
0 0.1828125 0.58671875 0.0515625 0.06875
0 0.43046875 0.32890625 0.0328125 0.04375
0 0.371875 0.5359375 0.040625 0.0578125
0 0.82890625 0.509375 0.0453125 0.0609375
0 0.24609375 0.54375 0.040625 0.0515625
0 0.2109375 0.51484375 0.0453125 0.0609375
0 0.31484375 0.53828125 0.0453125 0.0640625
0 0.28515625 0.4875 0.0484375 0.059375
0 0.42265625 0.51484375 0.0484375 0.05625
0 0.39140625 0.46640625 0.046875 0.0640625
0 0.45859375 0.44453125 0.0421875 0.05625
0 0.57578125 0.409375 0.0421875 0.0609375
0 0.678125 0.37890625 0.0375 0.0546875
0 0.33828125 0.50625 0.0390625 0.0640625
0 0.22734375 0.2625 0.03125 0.0484375