1 0.72109375 0.43515625 0.0453125 0.0578125
1 0.63671875 0.475 0.0484375 0.0578125
1 0.496875 0.4125 0.04375 0.059375
1 0.1921875 0.26484375 0.0296875 0.05
0 0.8671875 0.721875 0.075 0.0625
0 0.821875 0.5 0.0484375 0.0546875
0 0.91875 0.62578125 0.059375 0.08125
0 0.86875 0.6609375 0.06875 0.0703125
0 0.7390625 0.5203125 0.0515625 0.0625
0 0.66484375 0.5484375 0.0578125 0.0625
0 0.56171875 0.51484375 0.0578125 0.0734375
0 0.440625 0.43984375 0.0578125 0.065625
0 0.37109375 0.26640625 0.034375 0.0421875
0 0.31484375 0.2640625 0.0296875 0.034375
1 0.40625 0.31640625 0.0359375 0.046875
1 0.2328125 0.25859375 0.034375 0.0421875