1 0.7703125 0.63515625 0.0796875 0.1171875
1 0.56328125 0.49921875 0.05625 0.08125
1 0.609375 0.45859375 0.0546875 0.0765625
0 0.08828125 0.79609375 0.0578125 0.0765625
0 0.17578125 0.7734375 0.0609375 0.0828125
0 0.23203125 0.68984375 0.05625 0.071875
0 0.37578125 0.3625 0.0359375 0.0453125
0 0.3921875 0.578125 0.0453125 0.0609375
0 0.81171875 0.396875 0.05 0.0640625
0 0.27578125 0.628125 0.04375 0.0546875
0 0.23359375 0.6125 0.05 0.0640625
0 0.3390625 0.59921875 0.0515625 0.0671875
0 0.29375 0.56171875 0.053125 0.0625
0 0.43203125 0.540625 0.053125 0.059375
0 0.38671875 0.50546875 0.053125 0.0671875
0 0.4421875 0.46171875 0.046875 0.0578125
0 0.53984375 0.3890625 0.0484375 0.0640625
0 0.62578125 0.325 0.0421875 0.0578125
0 0.35 0.5609375 0.0453125 0.065625
0 0.16328125 0.3703125 0.0359375 0.05