1 0.51328125 0.5515625 0.08125 0.1390625
1 0.175 0.54921875 0.078125 0.1125
1 0.165625 0.66640625 0.1375 0.1796875
1 0.34375 0.64609375 0.121875 0.1921875
1 0.07734375 0.634375 0.1046875 0.1265625
1 0.05703125 0.5296875 0.06875 0.0953125
1 0.325 0.4671875 0.0375 0.053125
1 0.42890625 0.5015625 0.04375 0.0609375
1 0.47421875 0.49453125 0.040625 0.0703125
1 0.73203125 0.51484375 0.0484375 0.0671875
1 0.63671875 0.490625 0.0359375 0.0625
1 0.59921875 0.509375 0.0390625 0.06875
1 0.55078125 0.50234375 0.0375 0.0625