1 0.49453125 0.55234375 0.0984375 0.1453125
1 0.178125 0.43515625 0.0921875 0.11875
1 0.12890625 0.5421875 0.1578125 0.1921875
1 0.30390625 0.58359375 0.1453125 0.203125
1 0.0578125 0.48203125 0.115625 0.1359375
1 0.0734375 0.3765625 0.0796875 0.1015625
1 0.346875 0.409375 0.04375 0.05625
1 0.4328125 0.4765625 0.0515625 0.0640625
1 0.47734375 0.48671875 0.05 0.0734375
1 0.7125 0.59296875 0.05625 0.071875
1 0.63125 0.5375 0.04375 0.065625
1 0.58984375 0.5421875 0.046875 0.071875
1 0.546875 0.51953125 0.0453125 0.065625