1 0.09765625 0.27890625 0.0890625 0.1390625
1 0.18515625 0.328125 0.0625 0.0953125
1 0.22734375 0.328125 0.05 0.084375
1 0.26796875 0.271875 0.090625 0.1609375
1 0.43125 0.28515625 0.0703125 0.1046875
1 0.54140625 0.28671875 0.0828125 0.15625
1 0.49453125 0.28828125 0.0578125 0.1109375
1 0.7265625 0.221875 0.1046875 0.1609375
1 0.68671875 0.275 0.0390625 0.1
1 0.76953125 0.2703125 0.0546875 0.11875
1 0.82109375 0.29609375 0.05 0.0875
1 0.88984375 0.303125 0.0953125 0.1609375
1 0.953125 0.27421875 0.0484375 0.0734375