1 0.203125 0.4625 0.065625 0.10625
1 0.05625 0.39453125 0.0265625 0.05625
1 0.78984375 0.33984375 0.0953125 0.1703125
1 0.66015625 0.378125 0.0890625 0.159375
1 0.575 0.3171875 0.065625 0.1265625
1 0.48828125 0.359375 0.065625 0.096875
1 0.43359375 0.36796875 0.05625 0.109375
1 0.34921875 0.35859375 0.05 0.084375
1 0.29140625 0.36953125 0.05 0.090625
1 0.24921875 0.36171875 0.0421875 0.071875
1 0.209375 0.36484375 0.0390625 0.075
1 0.1640625 0.37890625 0.040625 0.075
1 0.1203125 0.390625 0.034375 0.065625