1 0.19453125 0.478125 0.0734375 0.1078125
1 0.54140625 0.4171875 0.0640625 0.0984375
1 0.32421875 0.47265625 0.0703125 0.1
1 0.128125 0.5015625 0.0625 0.090625
1 0.02890625 0.53984375 0.0578125 0.1109375
1 0.29296875 0.484375 0.0453125 0.0796875
1 0.43125 0.45 0.059375 0.0921875
1 0.46796875 0.44296875 0.04375 0.0671875
1 0.5046875 0.41796875 0.0390625 0.065625
1 0.615625 0.3828125 0.06875 0.1015625
1 0.86953125 0.3546875 0.065625 0.090625
1 0.82109375 0.36796875 0.046875 0.075
1 0.7171875 0.38125 0.0484375 0.071875
1 0.68359375 0.39375 0.05 0.071875
1 0.6546875 0.396875 0.040625 0.0703125