1 0.2265625 0.36015625 0.075 0.1078125
1 0.5703125 0.43984375 0.065625 0.0984375
1 0.34921875 0.40625 0.071875 0.1
1 0.15703125 0.35625 0.0640625 0.090625
1 0.046875 0.3515625 0.06875 0.1109375
1 0.315625 0.4046875 0.046875 0.0796875
1 0.45625 0.4265625 0.0609375 0.0921875
1 0.49296875 0.43515625 0.04375 0.0671875
1 0.53671875 0.4265625 0.040625 0.065625
1 0.65234375 0.4375 0.0703125 0.1015625
1 0.896875 0.5109375 0.065625 0.090625
1 0.84765625 0.5046875 0.0484375 0.075
1 0.74609375 0.47578125 0.0484375 0.071875
1 0.7109375 0.4734375 0.0515625 0.0734375
1 0.6828125 0.465625 0.040625 0.0703125