1 0.9203125 0.31484375 0.1 0.1453125
1 0.82890625 0.35625 0.0703125 0.1
1 0.78671875 0.35234375 0.05625 0.0875
1 0.75078125 0.29296875 0.103125 0.165625
1 0.5875 0.2921875 0.0796875 0.109375
1 0.47734375 0.28359375 0.0953125 0.1609375
1 0.52421875 0.2890625 0.065625 0.1140625
1 0.2984375 0.203125 0.1171875 0.16875
1 0.33359375 0.259375 0.046875 0.1015625
1 0.2515625 0.24765625 0.0640625 0.121875
1 0.1984375 0.26875 0.05625 0.090625
1 0.12890625 0.26953125 0.1078125 0.1671875
1 0.06796875 0.23515625 0.0546875 0.0765625