1 0.7921875 0.43671875 0.0671875 0.10625
1 0.9328125 0.35625 0.0265625 0.05625
1 0.196875 0.365625 0.0984375 0.171875
1 0.3296875 0.3921875 0.0921875 0.1609375
1 0.409375 0.32421875 0.06875 0.128125
1 0.5 0.359375 0.0671875 0.096875
1 0.5546875 0.3625 0.0578125 0.109375
1 0.63828125 0.3453125 0.0515625 0.0859375
1 0.69609375 0.35234375 0.0515625 0.0921875
1 0.73828125 0.340625 0.04375 0.071875
1 0.778125 0.33984375 0.0390625 0.075
1 0.82421875 0.35 0.0421875 0.075
1 0.86875 0.3578125 0.0359375 0.065625