1 0.37265625 0.3609375 0.090625 0.153125
1 0.93125 0.32734375 0.0765625 0.1296875
1 0.13046875 0.41484375 0.0796875 0.1390625
1 0.45859375 0.37578125 0.0734375 0.11875
1 0.18515625 0.4203125 0.0671875 0.1140625
1 0.87421875 0.359375 0.0671875 0.1015625
1 0.725 0.36796875 0.065625 0.1046875
1 0.61875 0.37421875 0.0609375 0.0984375
1 0.79453125 0.3609375 0.05625 0.0890625
1 0.33359375 0.42890625 0.0640625 0.1015625
1 0.2875 0.41015625 0.0515625 0.1
1 0.103125 0.46875 0.0546875 0.0921875
1 0.56796875 0.38671875 0.0484375 0.0921875
1 0.4953125 0.38828125 0.05 0.10625