1 0.38046875 0.35390625 0.084375 0.15
1 0.93984375 0.35 0.0703125 0.128125
1 0.1359375 0.3953125 0.0734375 0.1375
1 0.465625 0.37421875 0.0671875 0.115625
1 0.1890625 0.40390625 0.0609375 0.1125
1 0.88046875 0.3796875 0.0625 0.1
1 0.73125 0.3796875 0.0609375 0.103125
1 0.625 0.38046875 0.05625 0.096875
1 0.8015625 0.3765625 0.0515625 0.0875
1 0.3375 0.4203125 0.059375 0.1
1 0.2921875 0.39921875 0.046875 0.0984375
1 0.10546875 0.44765625 0.05 0.090625
1 0.5734375 0.390625 0.04375 0.090625
1 0.5015625 0.38828125 0.0453125 0.1046875