1 0.46015625 0.41875 0.0875 0.13125
1 0.90859375 0.65 0.0890625 0.1125
1 0.16796875 0.35234375 0.0625 0.0828125
1 0.56953125 0.45078125 0.075 0.0921875
1 0.7609375 0.51328125 0.040625 0.05625
1 0.746875 0.44765625 0.0296875 0.040625
1 0.3453125 0.359375 0.0671875 0.084375
1 0.2796875 0.4109375 0.0609375 0.0921875
1 0.42734375 0.41484375 0.0421875 0.06875
1 0.6265625 0.4421875 0.0421875 0.05625
1 0.41484375 0.36015625 0.03125 0.0484375
1 0.53125 0.3984375 0.0296875 0.034375
0 0.10703125 0.34140625 0.0703125 0.1078125
0 0.6328125 0.478125 0.0609375 0.0890625
0 0.5125 0.43046875 0.040625 0.059375
2 0.8515625 0.79140625 0.2625 0.4171875
2 0.74921875 0.6265625 0.1265625 0.284375
2 0.7359375 0.51953125 0.0828125 0.1859375
0 0.81328125 0.465625 0.021875 0.0328125
2 0.81328125 0.490625 0.059375 0.0921875
2 0.60703125 0.65703125 0.18125 0.4484375
2 0.41640625 0.66796875 0.284375 0.6234375
2 0.09609375 0.55859375 0.1921875 0.5609375
2 0.1484375 0.50703125 0.16875 0.371875
2 0.24453125 0.58984375 0.1828125 0.4625
2 0.31328125 0.55078125 0.1765625 0.4609375
2 0.39921875 0.40859375 0.075 0.159375
2 0.50625 0.5078125 0.1140625 0.20625
2 0.5328125 0.67109375 0.1984375 0.51875
2 0.675 0.48828125 0.0859375 0.2
2 0.66484375 0.3890625 0.0625 0.1140625
1 0.68984375 0.41171875 0.0265625 0.0421875
1 0.66953125 0.35703125 0.0296875 0.04375