0 0.9046875 0.2390625 0.084375 0.134375
0 0.040625 0.39921875 0.08125 0.1265625
0 0.71328125 0.18046875 0.0875 0.125
0 0.26875 0.30546875 0.0859375 0.11875
0 0.14765625 0.32109375 0.0875 0.125
0 0.3234375 0.27421875 0.075 0.1171875
0 0.79296875 0.20703125 0.071875 0.096875
0 0.1796875 0.24609375 0.0734375 0.1046875
0 0.775 0.1125 0.0703125 0.090625
0 0.43828125 0.2890625 0.0734375 0.0921875
0 0.45390625 0.21953125 0.06875 0.0984375
0 0.375 0.2015625 0.059375 0.0859375
0 0.56015625 0.196875 0.08125 0.1140625
0 0.61328125 0.1890625 0.0671875 0.0984375
0 0.69765625 0.103125 0.0546875 0.0859375
0 0.7734375 0.30234375 0.084375 0.109375