1 0.54921875 0.42421875 0.0734375 0.1265625
1 0.07578125 0.5984375 0.078125 0.10625
1 0.84765625 0.39453125 0.053125 0.0796875
1 0.43671875 0.44296875 0.065625 0.0875
1 0.23984375 0.48203125 0.034375 0.053125
1 0.2609375 0.41796875 0.025 0.0375
1 0.6703125 0.37890625 0.059375 0.0796875
1 0.72890625 0.43828125 0.0515625 0.0890625
1 0.58203125 0.42421875 0.034375 0.065625
1 0.38125 0.42734375 0.0375 0.053125
1 0.60234375 0.37109375 0.0265625 0.046875
1 0.48125 0.3953125 0.0265625 0.0328125
0 0.909375 0.38984375 0.059375 0.103125
0 0.37109375 0.4625 0.0515625 0.0859375
0 0.49609375 0.4296875 0.0359375 0.05625
2 0.1125 0.765625 0.2140625 0.4421875
2 0.2375 0.5953125 0.09375 0.28125
2 0.26328125 0.490625 0.0625 0.184375
0 0.19296875 0.428125 0.01875 0.03125
2 0.18984375 0.45234375 0.05 0.0890625
2 0.37421875 0.64296875 0.1296875 0.4484375
2 0.5625 0.67734375 0.2140625 0.6171875
2 0.9140625 0.61171875 0.171875 0.5546875
2 0.84765625 0.55 0.1265625 0.3671875
2 0.74296875 0.6203125 0.1296875 0.4625
2 0.67890625 0.5734375 0.1234375 0.4609375
2 0.6109375 0.421875 0.0578125 0.15625
2 0.49296875 0.50703125 0.0921875 0.2015625
2 0.446875 0.665625 0.1375 0.51875
2 0.32734375 0.4671875 0.0640625 0.1984375
2 0.35 0.36953125 0.0515625 0.1109375
1 0.32265625 0.3890625 0.021875 0.040625
1 0.34921875 0.3375 0.0265625 0.040625