0 0.9640625 0.40859375 0.071875 0.1359375
0 0.11015625 0.23359375 0.0890625 0.128125
0 0.8171875 0.28359375 0.090625 0.1265625
0 0.35859375 0.2328125 0.0890625 0.121875
0 0.240625 0.20234375 0.090625 0.1265625
0 0.42109375 0.22421875 0.078125 0.11875
0 0.88125 0.33828125 0.075 0.0984375
0 0.2984375 0.14453125 0.0765625 0.10625
0 0.9 0.24375 0.071875 0.0921875
0 0.521875 0.28125 0.0765625 0.09375
0 0.5625 0.22265625 0.071875 0.1
0 0.49609375 0.1765625 0.0609375 0.0875
0 0.66953125 0.24140625 0.084375 0.115625
0 0.721875 0.25390625 0.0703125 0.1
0 0.83125 0.20625 0.0578125 0.0859375
0 0.828125 0.41953125 0.0875 0.1109375