0 0.153125 0.334375 0.0765625 0.103125
0 0.42578125 0.3046875 0.0671875 0.109375
0 0.3421875 0.39921875 0.1234375 0.1609375
0 0.28125 0.29921875 0.071875 0.0953125
0 0.690625 0.31328125 0.065625 0.1015625
0 0.06484375 0.4453125 0.125 0.190625
0 0.81640625 0.35625 0.065625 0.1046875
0 0.5625 0.30546875 0.0703125 0.109375
0 0.63828125 0.44609375 0.134375 0.1671875
0 0.046875 0.34296875 0.0828125 0.1265625
0 0.9703125 0.34375 0.059375 0.11875
0 0.86015625 0.30078125 0.046875 0.090625
0 0.9671875 0.440625 0.065625 0.178125