1 0.35390625 0.40703125 0.0765625 0.1234375
1 0.04609375 0.48359375 0.053125 0.0953125
1 0.41171875 0.41484375 0.0609375 0.1
1 0.7109375 0.3359375 0.0578125 0.0828125
1 0.084375 0.47578125 0.0546875 0.0765625
1 0.01796875 0.49765625 0.0359375 0.0921875
1 0.1578125 0.46171875 0.040625 0.06875
1 0.1921875 0.47734375 0.05625 0.0796875
1 0.26015625 0.4625 0.05625 0.078125
1 0.48984375 0.39765625 0.0671875 0.08125
1 0.55625 0.384375 0.0546875 0.0765625
1 0.6375 0.33046875 0.053125 0.090625
1 0.67109375 0.31796875 0.046875 0.0890625
1 0.75234375 0.321875 0.059375 0.09375