1 0.63359375 0.38984375 0.0640625 0.1171875
1 0.9484375 0.42890625 0.0421875 0.0921875
1 0.57734375 0.4046875 0.05 0.0953125
1 0.27109375 0.3625 0.0484375 0.078125
1 0.909375 0.425 0.046875 0.0734375
1 0.98203125 0.43828125 0.0359375 0.0890625
1 0.83515625 0.4203125 0.034375 0.065625
1 0.80234375 0.43984375 0.0484375 0.075
1 0.73359375 0.43359375 0.0484375 0.0734375
1 0.49765625 0.396875 0.059375 0.0765625
1 0.4296875 0.39140625 0.046875 0.0734375
1 0.34296875 0.34921875 0.04375 0.0875
1 0.30859375 0.33984375 0.0375 0.0859375
1 0.22734375 0.35390625 0.05 0.090625