0 0.8203125 0.28828125 0.0890625 0.1109375
0 0.546875 0.29609375 0.08125 0.1171875
0 0.6421875 0.378125 0.14375 0.175
0 0.6890625 0.27109375 0.084375 0.103125
0 0.28515625 0.3421875 0.0796875 0.109375
0 0.9234375 0.38515625 0.1484375 0.2046875
0 0.1671875 0.4015625 0.0796875 0.1125
0 0.4109375 0.315625 0.084375 0.1171875
0 0.35625 0.465625 0.1546875 0.1828125
0 0.92734375 0.28125 0.0984375 0.134375
0 0.02421875 0.4109375 0.0484375 0.125
0 0.115625 0.353125 0.059375 0.096875
0 0.03671875 0.50625 0.0734375 0.184375