0 0.68515625 0.13515625 0.0953125 0.1296875
0 0.546875 0.18125 0.09375 0.15625
0 0.85625 0.16015625 0.125 0.1984375
0 0.47109375 0.21015625 0.075 0.11875
0 0.80546875 0.15546875 0.0875 0.1640625
0 0.69375 0.2625 0.1078125 0.178125
0 0.4 0.24296875 0.0671875 0.109375
0 0.31640625 0.2484375 0.0734375 0.096875
0 0.14296875 0.2890625 0.053125 0.103125
0 0.2375 0.28515625 0.0609375 0.1046875
0 0.02578125 0.27734375 0.0515625 0.0953125
0 0.06875 0.31171875 0.0484375 0.0796875
0 0.11953125 0.28515625 0.040625 0.0875
0 0.534375 0.25390625 0.05625 0.1015625
0 0.59921875 0.18515625 0.059375 0.121875