1 0.0640625 0.36015625 0.08125 0.1171875
1 0.38359375 0.3453125 0.05 0.0765625
0 0.2 0.40625 0.078125 0.1140625
0 0.51796875 0.31640625 0.08125 0.11875
0 0.92578125 0.2578125 0.09375 0.13125
0 0.6203125 0.31171875 0.06875 0.1078125
0 0.3296875 0.39609375 0.071875 0.1078125
0 0.86875 0.303125 0.0625 0.096875
1 0.35078125 0.3453125 0.046875 0.0796875
1 0.7453125 0.27578125 0.0515625 0.0796875
1 0.696875 0.296875 0.053125 0.084375
1 0.5546875 0.27421875 0.053125 0.090625
1 0.65546875 0.27265625 0.0671875 0.096875