1 0.05703125 0.3828125 0.0859375 0.11875
1 0.37578125 0.3515625 0.0546875 0.078125
0 0.1953125 0.421875 0.0828125 0.1171875
0 0.5078125 0.31640625 0.0859375 0.121875
0 0.9125 0.2359375 0.1 0.134375
0 0.61015625 0.30625 0.0734375 0.109375
0 0.32421875 0.4046875 0.0765625 0.1109375
0 0.8578125 0.28359375 0.0671875 0.0984375
1 0.34296875 0.353125 0.05 0.08125
1 0.73359375 0.2625 0.0546875 0.08125
1 0.6859375 0.28671875 0.05625 0.0859375
1 0.54296875 0.271875 0.0578125 0.0921875
1 0.64296875 0.26484375 0.071875 0.0984375