0 0.7625 0.18671875 0.090625 0.1265625
0 0.6171875 0.2 0.0875 0.153125
0 0.9234375 0.24921875 0.115625 0.19375
0 0.53671875 0.2109375 0.0703125 0.115625
0 0.87578125 0.23359375 0.0796875 0.1609375
0 0.7421875 0.31171875 0.1 0.175
0 0.46015625 0.2265625 0.0625 0.10625
0 0.37734375 0.21328125 0.06875 0.0953125
0 0.19921875 0.2140625 0.0484375 0.1015625
0 0.29296875 0.23203125 0.05625 0.103125
0 0.08359375 0.17578125 0.0578125 0.09375
0 0.121875 0.21953125 0.0453125 0.078125
0 0.17734375 0.20546875 0.0375 0.0859375
0 0.58828125 0.26796875 0.0515625 0.1
0 0.66796875 0.215625 0.053125 0.1203125