1 0.18359375 0.46171875 0.053125 0.0921875
1 0.41875 0.42578125 0.05 0.09375
0 0.06328125 0.4734375 0.103125 0.16875
0 0.7125 0.44921875 0.05625 0.0953125
0 0.51640625 0.45546875 0.059375 0.0921875
0 0.6546875 0.453125 0.034375 0.0546875
0 0.9234375 0.46796875 0.059375 0.0765625
1 0.8203125 0.45703125 0.0421875 0.0578125
1 0.35625 0.45390625 0.0296875 0.0625
1 0.3328125 0.46015625 0.0296875 0.0578125
1 0.378125 0.453125 0.0265625 0.0578125
0 0.465625 0.45625 0.0234375 0.0625
0 0.559375 0.44140625 0.034375 0.0515625
0 0.61015625 0.46796875 0.03125 0.0484375