1 0.18125 0.51171875 0.065625 0.0984375
1 0.4078125 0.4390625 0.0625 0.1
0 0.06484375 0.5421875 0.128125 0.18125
0 0.7015625 0.4171875 0.06875 0.1015625
0 0.509375 0.45390625 0.071875 0.1
0 0.6453125 0.4296875 0.0421875 0.0578125
0 0.91328125 0.40234375 0.06875 0.084375
1 0.81015625 0.40703125 0.05 0.0625
1 0.35078125 0.47734375 0.0390625 0.065625
1 0.32890625 0.4875 0.0390625 0.0609375
1 0.371875 0.4734375 0.034375 0.059375
0 0.459375 0.46171875 0.0328125 0.0640625
0 0.55 0.4328125 0.040625 0.05625
0 0.60390625 0.4515625 0.0375 0.053125