1 0.7890625 0.27421875 0.1828125 0.328125
1 0.61796875 0.21171875 0.10625 0.1703125
1 0.73203125 0.18359375 0.0828125 0.134375
1 0.8578125 0.22109375 0.265625 0.4421875
0 0.2375 0.39140625 0.0921875 0.1390625
0 0.33046875 0.29453125 0.103125 0.15
0 0.40546875 0.290625 0.1109375 0.171875
0 0.109375 0.39921875 0.0953125 0.140625
0 0.534375 0.18671875 0.1390625 0.2015625
0 0.02421875 0.4375 0.0484375 0.121875
0 0.0515625 0.4109375 0.065625 0.103125
0 0.49296875 0.2484375 0.0765625 0.1390625
0 0.11171875 0.3421875 0.0859375 0.125
0 0.2890625 0.36484375 0.0515625 0.0890625