1 0.89140625 0.20546875 0.0703125 0.1203125
1 0.35078125 0.24921875 0.0625 0.1203125
1 0.08046875 0.27421875 0.059375 0.1109375
1 0.503125 0.23203125 0.05625 0.1140625
1 0.6671875 0.23203125 0.0515625 0.1125
1 0.20390625 0.29375 0.0625 0.1046875
1 0.44453125 0.27109375 0.040625 0.0953125
0 0.7578125 0.2484375 0.04375 0.0890625
1 0.70546875 0.2609375 0.0390625 0.0765625
1 0.56171875 0.253125 0.040625 0.0828125
1 0.5890625 0.2671875 0.0328125 0.0703125
1 0.6203125 0.2640625 0.0421875 0.0859375
1 0.24140625 0.271875 0.0328125 0.090625
1 0.2984375 0.27265625 0.0328125 0.0640625