1 0.21953125 0.26484375 0.1921875 0.328125
1 0.3921875 0.2078125 0.1109375 0.1703125
1 0.27890625 0.17578125 0.0859375 0.1359375
1 0.153125 0.21484375 0.28125 0.4296875
0 0.76640625 0.40078125 0.096875 0.140625
0 0.6765625 0.30078125 0.1078125 0.1515625
0 0.60234375 0.29453125 0.115625 0.171875
0 0.89375 0.41328125 0.0984375 0.140625
0 0.4765625 0.1859375 0.14375 0.2046875
0 0.97578125 0.4546875 0.0484375 0.121875
0 0.9515625 0.4265625 0.06875 0.1046875
0 0.515625 0.2484375 0.0796875 0.1390625
0 0.89375 0.35546875 0.0890625 0.125
0 0.715625 0.37265625 0.0546875 0.0890625