0 0.08203125 0.49296875 0.090625 0.1390625
0 0.17265625 0.5140625 0.090625 0.1296875
0 0.340625 0.5890625 0.1109375 0.1734375
0 0.72265625 0.615625 0.125 0.1859375
0 0.871875 0.5078125 0.0609375 0.0953125
0 0.92578125 0.478125 0.0609375 0.1046875
0 0.20234375 0.409375 0.0609375 0.084375
0 0.8203125 0.5203125 0.071875 0.1203125
0 0.0359375 0.453125 0.065625 0.1109375
0 0.321875 0.409375 0.0515625 0.0953125
0 0.41171875 0.409375 0.05 0.0796875
0 0.48671875 0.403125 0.0359375 0.065625
0 0.50703125 0.378125 0.028125 0.0546875
0 0.54921875 0.4015625 0.0359375 0.0734375
0 0.6875 0.403125 0.0390625 0.0625
0 0.825 0.4375 0.040625 0.05625
0 0.76875 0.41796875 0.0515625 0.071875