0 0.5296875 0.2171875 0.0703125 0.1296875
0 0.6921875 0.21015625 0.0765625 0.1390625
0 0.2984375 0.21171875 0.0765625 0.1296875
0 0.8203125 0.19453125 0.0828125 0.1421875
0 0.8921875 0.2453125 0.0671875 0.115625
0 0.1296875 0.22734375 0.0625 0.1296875
0 0.153125 0.21640625 0.0546875 0.121875
0 0.61875 0.26484375 0.0484375 0.115625
0 0.7734375 0.2703125 0.0390625 0.0640625
0 0.56484375 0.26171875 0.0359375 0.0875
0 0.4046875 0.21328125 0.05625 0.1125
0 0.359375 0.221875 0.0453125 0.090625
0 0.19765625 0.246875 0.0375 0.075
0 0.9390625 0.25625 0.0359375 0.1078125