1 0.159375 0.1484375 0.0875 0.128125
1 0.68671875 0.275 0.0796875 0.1265625
1 0.95 0.3421875 0.075 0.1171875
1 0.5390625 0.23515625 0.071875 0.11875
1 0.3765625 0.209375 0.06875 0.11875
1 0.825 0.34296875 0.078125 0.1125
1 0.590625 0.2828125 0.0546875 0.0984375
0 0.28515625 0.21171875 0.05625 0.09375
1 0.334375 0.23125 0.05 0.08125
1 0.478125 0.246875 0.0515625 0.0875
1 0.44921875 0.25625 0.04375 0.0734375
1 0.41796875 0.24765625 0.0546875 0.090625
1 0.790625 0.31484375 0.046875 0.09375
1 0.734375 0.30703125 0.0421875 0.06875