0 0.08515625 0.44921875 0.1046875 0.146875
0 0.1734375 0.4796875 0.103125 0.1375
0 0.33203125 0.571875 0.128125 0.18125
0 0.709375 0.63828125 0.1421875 0.196875
0 0.86875 0.546875 0.0703125 0.1
0 0.92578125 0.5234375 0.071875 0.109375
0 0.21328125 0.37890625 0.06875 0.0890625
0 0.81640625 0.553125 0.0828125 0.1265625
0 0.04375 0.4046875 0.0765625 0.115625
0 0.33203125 0.39140625 0.059375 0.0984375
0 0.421875 0.40078125 0.0578125 0.084375
0 0.49765625 0.40234375 0.0421875 0.0671875
0 0.51953125 0.3796875 0.034375 0.0578125
0 0.55859375 0.40703125 0.0421875 0.0765625
0 0.69609375 0.4234375 0.0453125 0.065625
0 0.8296875 0.471875 0.046875 0.059375
0 0.77578125 0.44609375 0.0578125 0.075