0 0.5828125 0.228125 0.0890625 0.1390625
0 0.74375 0.2515625 0.096875 0.1484375
0 0.35703125 0.17890625 0.0953125 0.1390625
0 0.87265625 0.2609375 0.103125 0.153125
0 0.93359375 0.325 0.084375 0.1234375
0 0.18828125 0.16171875 0.08125 0.1375
0 0.21328125 0.15546875 0.071875 0.128125
0 0.6609375 0.2921875 0.065625 0.1203125
0 0.8125 0.3265625 0.0484375 0.06875
0 0.60859375 0.278125 0.0484375 0.090625
0 0.4609375 0.2 0.071875 0.11875
0 0.41484375 0.2 0.059375 0.0953125
0 0.2515625 0.19375 0.0484375 0.0796875
0 0.975 0.34375 0.05 0.1125