0 0.8421875 0.48203125 0.0609375 0.103125
0 0.58125 0.4203125 0.053125 0.115625
0 0.51796875 0.42734375 0.0484375 0.09375
0 0.140625 0.478125 0.05 0.09375
0 0.6890625 0.421875 0.05 0.1
0 0.78828125 0.43046875 0.05 0.1
0 0.721875 0.5296875 0.0546875 0.115625
0 0.384375 0.5234375 0.053125 0.103125
0 0.23671875 0.48203125 0.0484375 0.090625
0 0.740625 0.42734375 0.04375 0.0875
0 0.28515625 0.51328125 0.053125 0.0828125
0 0.83984375 0.41015625 0.053125 0.09375
0 0.178125 0.5 0.0484375 0.096875
0 0.309375 0.471875 0.0375 0.0765625
0 0.35390625 0.4734375 0.0375 0.0796875
0 0.34140625 0.41484375 0.0375 0.0796875
0 0.43046875 0.43203125 0.046875 0.096875
0 0.46953125 0.44375 0.0375 0.0734375
0 0.4515625 0.5203125 0.0484375 0.096875
0 0.525 0.53515625 0.0546875 0.103125
0 0.6328125 0.4203125 0.046875 0.0796875
0 0.63125 0.5015625 0.0484375 0.10625