1 0.54609375 0.53203125 0.0765625 0.1265625
1 0.15546875 0.46796875 0.0765625 0.121875
1 0.5234375 0.4453125 0.04375 0.0609375
1 0.74375 0.46015625 0.04375 0.0609375
0 0.33984375 0.48671875 0.065625 0.0859375
0 0.396875 0.44453125 0.0609375 0.0828125
0 0.46640625 0.45546875 0.053125 0.0734375
0 0.64375 0.46953125 0.0640625 0.09375
0 0.68203125 0.50625 0.0453125 0.09375
1 0.70859375 0.415625 0.0390625 0.0546875
0 0.6078125 0.39375 0.0296875 0.0515625
0 0.6515625 0.3765625 0.03125 0.0578125
0 0.67734375 0.384375 0.0265625 0.0484375
0 0.540625 0.40625 0.03125 0.0484375