1 0.4796875 0.15 0.0953125 0.1703125
1 0.76171875 0.24453125 0.16875 0.2625
1 0.534375 0.2078125 0.090625 0.1359375
1 0.93125 0.3078125 0.13125 0.1984375
1 0.2734375 0.19140625 0.1671875 0.2484375
1 0.17265625 0.1140625 0.115625 0.1796875
1 0.403125 0.1765625 0.1203125 0.18125
1 0.64140625 0.259375 0.06875 0.1140625
1 0.5703125 0.23515625 0.0484375 0.1234375
1 0.340625 0.18203125 0.078125 0.140625
1 0.0859375 0.1421875 0.071875 0.16875
1 0.59296875 0.26953125 0.0484375 0.09375
1 0.86796875 0.30859375 0.0609375 0.090625