1 0.53828125 0.1515625 0.0875 0.1671875
1 0.25234375 0.23125 0.15625 0.259375
1 0.48046875 0.20625 0.084375 0.134375
1 0.0796875 0.28515625 0.121875 0.1953125
1 0.7421875 0.20390625 0.15625 0.24375
1 0.84765625 0.13203125 0.1078125 0.1765625
1 0.6140625 0.18203125 0.1125 0.1765625
1 0.37109375 0.25234375 0.0640625 0.1125
1 0.44375 0.23203125 0.0421875 0.1234375
1 0.67578125 0.190625 0.071875 0.1375
1 0.9328125 0.16484375 0.0640625 0.1671875
1 0.41875 0.265625 0.04375 0.0921875
1 0.1421875 0.28984375 0.0578125 0.0890625