0 0.8375 0.440625 0.0734375 0.109375
0 0.57109375 0.4109375 0.065625 0.1203125
0 0.50859375 0.42578125 0.059375 0.1
0 0.140625 0.521875 0.0625 0.1
0 0.678125 0.39921875 0.0625 0.1046875
0 0.77734375 0.39609375 0.0625 0.1046875
0 0.72421875 0.50234375 0.06875 0.1203125
0 0.38828125 0.5375 0.0640625 0.109375
0 0.23671875 0.5140625 0.059375 0.096875
0 0.7296875 0.3984375 0.0546875 0.09375
0 0.28828125 0.5390625 0.0625 0.0890625
0 0.8265625 0.36953125 0.0640625 0.1
0 0.18046875 0.5390625 0.059375 0.103125
0 0.30703125 0.4953125 0.0453125 0.0796875
0 0.3515625 0.49140625 0.046875 0.0828125
0 0.33203125 0.43515625 0.0484375 0.084375
0 0.42265625 0.440625 0.0578125 0.103125
0 0.46328125 0.44765625 0.0453125 0.078125
0 0.4546875 0.52578125 0.059375 0.103125
0 0.52890625 0.53203125 0.0671875 0.109375
0 0.621875 0.4046875 0.05625 0.084375
0 0.63046875 0.4859375 0.0609375 0.1109375