1 0.4484375 0.5234375 0.09375 0.1359375
1 0.8453125 0.52890625 0.0921875 0.1296875
1 0.4859375 0.44140625 0.0515625 0.065625
1 0.2671875 0.41875 0.0515625 0.065625
0 0.66015625 0.51484375 0.0765625 0.09375
0 0.6109375 0.46328125 0.071875 0.0890625
0 0.540625 0.4625 0.0625 0.0796875
0 0.3640625 0.4453125 0.075 0.1015625
0 0.31953125 0.475 0.0578125 0.0984375
1 0.309375 0.38046875 0.046875 0.059375
0 0.41171875 0.3765625 0.0359375 0.0546875
0 0.37265625 0.35234375 0.0375 0.0609375
0 0.34609375 0.35546875 0.0328125 0.0515625
0 0.4765625 0.40078125 0.0375 0.053125