1 0.06328125 0.4125 0.1265625 0.2125
1 0.89765625 0.25390625 0.1140625 0.140625
1 0.328125 0.38203125 0.084375 0.1328125
1 0.2234375 0.42734375 0.0859375 0.128125
1 0.65 0.31796875 0.0765625 0.1046875
1 0.7375 0.29453125 0.071875 0.103125
0 0.77421875 0.2625 0.0734375 0.1
0 0.16796875 0.4265625 0.0875 0.13125
0 0.5234375 0.371875 0.071875 0.10625
0 0.409375 0.3859375 0.0703125 0.1078125
0 0.459375 0.3484375 0.0609375 0.09375
1 0.69140625 0.25859375 0.0515625 0.0734375
0 0.559375 0.3359375 0.065625 0.0953125