1 0.93046875 0.33515625 0.13125 0.1984375
1 0.065625 0.3265625 0.0953125 0.1296875
1 0.6484375 0.35390625 0.065625 0.128125
1 0.76015625 0.38046875 0.0671875 0.1203125
1 0.3203125 0.346875 0.0625 0.096875
1 0.23046875 0.3390625 0.0578125 0.096875
0 0.18828125 0.31328125 0.059375 0.09375
0 0.8140625 0.36953125 0.06875 0.125
0 0.45390625 0.37734375 0.05625 0.1
0 0.56953125 0.371875 0.053125 0.103125
0 0.5140625 0.34375 0.046875 0.090625
1 0.26953125 0.2953125 0.040625 0.06875
0 0.4125 0.34921875 0.053125 0.090625