1 0.84765625 0.63828125 0.1875 0.35625
1 0.7578125 0.49140625 0.115625 0.2421875
1 0.58203125 0.51796875 0.06875 0.153125
1 0.60546875 0.434375 0.046875 0.08125
1 0.5515625 0.42109375 0.0609375 0.1203125
1 0.44375 0.425 0.0703125 0.15
1 0.33359375 0.79296875 0.2921875 0.4015625
1 0.25546875 0.52890625 0.1125 0.1953125
1 0.1828125 0.440625 0.1046875 0.190625
1 0.03359375 0.5640625 0.0671875 0.33125
1 0.29453125 0.3609375 0.0671875 0.15
1 0.39140625 0.46171875 0.1125 0.1484375
1 0.3796875 0.6328125 0.1875 0.2609375
1 0.32890625 0.46875 0.0671875 0.1453125
1 0.36640625 0.36796875 0.075 0.096875