1 0.17421875 0.4484375 0.05625 0.096875
1 0.53828125 0.44296875 0.046875 0.103125
1 0.83671875 0.4484375 0.053125 0.109375
1 0.6859375 0.465625 0.046875 0.096875
1 0.7828125 0.47578125 0.034375 0.065625
1 0.65078125 0.45859375 0.0296875 0.0828125
1 0.5 0.45390625 0.040625 0.090625
1 0.3796875 0.4171875 0.053125 0.103125
1 0.3109375 0.44453125 0.0375 0.071875
1 0.3390625 0.45390625 0.0296875 0.06875
1 0.22734375 0.4328125 0.0375 0.071875
1 0.05625 0.43984375 0.040625 0.06875
1 0.13828125 0.44453125 0.0359375 0.0828125
1 0.61328125 0.43984375 0.046875 0.090625
1 0.44765625 0.4515625 0.025 0.0515625
1 0.421875 0.45390625 0.028125 0.05625