1 0.97578125 0.409375 0.0484375 0.065625
1 0.7546875 0.38984375 0.05 0.071875
1 0.19296875 0.225 0.0828125 0.134375
1 0.05625 0.196875 0.046875 0.146875
1 0.34140625 0.28828125 0.0703125 0.1203125
1 0.30234375 0.26953125 0.0609375 0.1078125
1 0.440625 0.29609375 0.071875 0.1234375
1 0.40078125 0.28828125 0.053125 0.1015625
1 0.53515625 0.32421875 0.0640625 0.103125
1 0.69921875 0.38671875 0.034375 0.0640625
1 0.66484375 0.4125 0.04375 0.0703125
1 0.671875 0.34921875 0.0421875 0.0703125
1 0.62734375 0.38515625 0.0515625 0.0828125
1 0.5890625 0.3328125 0.0671875 0.103125
1 0.49453125 0.31484375 0.05 0.09375