1 0.1703125 0.5171875 0.075 0.10625
1 0.52578125 0.4359375 0.06875 0.1109375
1 0.81875 0.3796875 0.075 0.1171875
1 0.675 0.42734375 0.0671875 0.1046875
1 0.771875 0.4171875 0.046875 0.071875
1 0.6390625 0.428125 0.046875 0.0875
1 0.490625 0.4546875 0.0578125 0.0984375
1 0.36484375 0.44375 0.071875 0.1125
1 0.30390625 0.48515625 0.0515625 0.078125
1 0.3328125 0.48828125 0.04375 0.0734375
1 0.21953125 0.490625 0.0515625 0.078125
1 0.053125 0.53359375 0.053125 0.075
1 0.134375 0.52109375 0.053125 0.0890625
1 0.5984375 0.41796875 0.0640625 0.0984375
1 0.4390625 0.46328125 0.034375 0.05625
1 0.4140625 0.47109375 0.0390625 0.0609375