1 0.85 0.6328125 0.18125 0.353125
1 0.75703125 0.48671875 0.1125 0.240625
1 0.58203125 0.5171875 0.065625 0.1515625
1 0.6046875 0.4328125 0.046875 0.0796875
1 0.55 0.4203125 0.0578125 0.1203125
1 0.4421875 0.42578125 0.0671875 0.1484375
1 0.3390625 0.79609375 0.2859375 0.3984375
1 0.25546875 0.53359375 0.109375 0.19375
1 0.18203125 0.44609375 0.1015625 0.1890625
1 0.0328125 0.57265625 0.065625 0.3296875
1 0.2921875 0.36484375 0.065625 0.1484375
1 0.390625 0.4640625 0.109375 0.146875
1 0.38203125 0.634375 0.1828125 0.2578125
1 0.32890625 0.47109375 0.065625 0.1453125
1 0.3640625 0.3703125 0.0734375 0.0953125