1 0.0234375 0.41875 0.046875 0.065625
1 0.24375 0.39453125 0.05 0.071875
1 0.80234375 0.21953125 0.084375 0.134375
1 0.93828125 0.1890625 0.0484375 0.146875
1 0.6546875 0.28515625 0.071875 0.121875
1 0.69375 0.265625 0.0625 0.109375
1 0.55625 0.2953125 0.0734375 0.125
1 0.5953125 0.28671875 0.0546875 0.1015625
1 0.46171875 0.325 0.065625 0.103125
1 0.29921875 0.390625 0.0359375 0.0640625
1 0.33359375 0.41484375 0.0453125 0.071875
1 0.32578125 0.35234375 0.04375 0.0703125
1 0.3703125 0.3875 0.053125 0.084375
1 0.4078125 0.334375 0.06875 0.103125
1 0.50234375 0.31484375 0.0515625 0.0953125