1 0.81015625 0.44140625 0.05625 0.0953125
1 0.87421875 0.46015625 0.040625 0.0671875
1 0.6734375 0.46875 0.0671875 0.109375
1 0.62734375 0.43515625 0.0546875 0.0875
1 0.51640625 0.4609375 0.0421875 0.0703125
1 0.4734375 0.4578125 0.0484375 0.084375
1 0.43125 0.44609375 0.040625 0.0671875
1 0.3859375 0.44375 0.0671875 0.103125
1 0.26484375 0.4375 0.0734375 0.109375
1 0.2203125 0.45234375 0.0421875 0.0703125
1 0.1515625 0.4484375 0.0390625 0.0734375
1 0.1109375 0.43828125 0.0484375 0.0890625
1 0.046875 0.44765625 0.065625 0.0984375
1 0.009375 0.4453125 0.01875 0.071875