1 0.81171875 0.45234375 0.053125 0.09375
1 0.875 0.4734375 0.0375 0.065625
1 0.67421875 0.475 0.0640625 0.10625
1 0.6296875 0.43984375 0.053125 0.084375
1 0.51796875 0.46171875 0.040625 0.06875
1 0.475 0.45703125 0.046875 0.0828125
1 0.4328125 0.44375 0.0375 0.065625
1 0.38828125 0.43984375 0.0640625 0.1015625
1 0.2671875 0.4296875 0.0703125 0.10625
1 0.221875 0.44296875 0.040625 0.06875
1 0.15390625 0.4359375 0.0359375 0.071875
1 0.11328125 0.425 0.046875 0.0875
1 0.04921875 0.43203125 0.0625 0.096875
1 0.0109375 0.428125 0.01875 0.071875