1 0.9828125 0.4125 0.028125 0.1078125
1 0.540625 0.4296875 0.0703125 0.13125
1 0.7359375 0.37734375 0.071875 0.13125
1 0.84375 0.40703125 0.078125 0.1265625
1 0.89453125 0.39296875 0.06875 0.11875
1 0.8171875 0.38671875 0.0421875 0.1
1 0.659375 0.38203125 0.078125 0.1046875
1 0.61875 0.3984375 0.046875 0.103125
1 0.47890625 0.41484375 0.059375 0.109375
1 0.40859375 0.4328125 0.08125 0.1109375
1 0.34765625 0.4125 0.0609375 0.0953125
1 0.284375 0.428125 0.0578125 0.115625
1 0.23125 0.45703125 0.0609375 0.0984375
1 0.184375 0.46171875 0.05 0.0859375
1 0.12734375 0.446875 0.0546875 0.0890625
1 0.059375 0.471875 0.0609375 0.1046875
1 0.0265625 0.47421875 0.03125 0.0828125