1 0.98671875 0.4546875 0.0265625 0.109375
1 0.546875 0.43359375 0.071875 0.1328125
1 0.7453125 0.3984375 0.075 0.1328125
1 0.85078125 0.43671875 0.08125 0.1265625
1 0.90234375 0.428125 0.0703125 0.1203125
1 0.82578125 0.41484375 0.04375 0.1015625
1 0.66875 0.39609375 0.0796875 0.10625
1 0.6265625 0.40859375 0.0484375 0.1046875
1 0.48671875 0.41328125 0.0625 0.1109375
1 0.41484375 0.425 0.084375 0.1125
1 0.35546875 0.39921875 0.0625 0.0953125
1 0.29140625 0.409375 0.059375 0.1171875
1 0.2359375 0.43359375 0.0625 0.0984375
1 0.1890625 0.434375 0.0515625 0.0875
1 0.13359375 0.4140625 0.05625 0.0890625
1 0.0640625 0.43359375 0.0625 0.1046875
1 0.03125 0.4328125 0.0328125 0.0828125