1 0.35390625 0.221875 0.1609375 0.2765625
1 0.7578125 0.3953125 0.0734375 0.1234375
1 0.4578125 0.42890625 0.075 0.13125
1 0.67421875 0.49921875 0.0625 0.1109375
1 0.115625 0.46953125 0.046875 0.0796875
1 0.52890625 0.51328125 0.04375 0.0703125
1 0.6203125 0.52578125 0.0390625 0.0609375
2 0.12265625 0.61171875 0.1359375 0.3609375
2 0.79453125 0.66953125 0.2140625 0.6609375
2 0.66953125 0.671875 0.1125 0.4578125
2 0.6140625 0.62109375 0.065625 0.253125
2 0.52265625 0.6609375 0.0890625 0.3625
2 0.44375 0.6796875 0.13125 0.634375
2 0.2953125 0.528125 0.2859375 0.915625