1 0.32109375 0.24140625 0.165625 0.278125
1 0.74375 0.36484375 0.0765625 0.1234375
1 0.44921875 0.434375 0.0765625 0.1328125
1 0.6734375 0.47734375 0.0640625 0.1109375
1 0.11484375 0.51640625 0.046875 0.0796875
1 0.53046875 0.509375 0.0453125 0.071875
1 0.62265625 0.5109375 0.040625 0.0625
2 0.1390625 0.65703125 0.1421875 0.3625
2 0.81484375 0.640625 0.2265625 0.6796875
2 0.6890625 0.65 0.1203125 0.459375
2 0.628125 0.60625 0.0703125 0.253125
2 0.5421875 0.65703125 0.0953125 0.3625
2 0.465625 0.68359375 0.140625 0.6328125
2 0.29921875 0.546875 0.3015625 0.90625