0 0.875 0.3859375 0.25 0.390625
0 0.171875 0.26953125 0.0796875 0.121875
0 0.3390625 0.3046875 0.0640625 0.115625
0 0.9875 0.396875 0.025 0.096875
0 0.725 0.38828125 0.059375 0.103125
0 0.68359375 0.3640625 0.0453125 0.071875
0 0.65 0.371875 0.0375 0.0640625
0 0.6265625 0.34453125 0.0390625 0.0703125
0 0.5796875 0.35078125 0.0515625 0.084375
0 0.5171875 0.334375 0.034375 0.05625
0 0.46796875 0.328125 0.0484375 0.075
0 0.415625 0.33671875 0.034375 0.053125
0 0.37421875 0.328125 0.0515625 0.078125
0 0.28828125 0.3296875 0.0453125 0.06875
0 0.253125 0.32265625 0.0375 0.05625
0 0.11171875 0.2765625 0.0484375 0.078125