0 0.87265625 0.41953125 0.2546875 0.4015625
0 0.19296875 0.24140625 0.0875 0.125
0 0.35625 0.29140625 0.071875 0.11875
0 0.9890625 0.44140625 0.021875 0.0984375
0 0.73359375 0.40859375 0.0671875 0.1046875
0 0.69453125 0.38046875 0.0515625 0.0734375
0 0.6609375 0.38515625 0.0421875 0.065625
0 0.63984375 0.35625 0.04375 0.071875
0 0.5921875 0.3578125 0.0578125 0.0875
0 0.53203125 0.33671875 0.0390625 0.0578125
0 0.4828125 0.32578125 0.053125 0.0765625
0 0.43046875 0.3296875 0.0375 0.0546875
0 0.38984375 0.31796875 0.05625 0.08125
0 0.30390625 0.31171875 0.05 0.0703125
0 0.26953125 0.3015625 0.040625 0.0578125
0 0.1328125 0.24296875 0.0546875 0.0796875