1 0.0234375 0.6125 0.034375 0.06875
1 0.0734375 0.609375 0.0453125 0.0671875
1 0.13671875 0.68046875 0.0515625 0.075
1 0.46640625 0.5515625 0.05 0.084375
1 0.38125 0.61875 0.0390625 0.065625
1 0.2453125 0.59609375 0.0359375 0.05625
1 0.18203125 0.63203125 0.0375 0.06875
1 0.828125 0.64609375 0.0453125 0.0671875
1 0.87734375 0.4203125 0.0390625 0.0625
1 0.775 0.4578125 0.046875 0.0671875
1 0.69375 0.50546875 0.0421875 0.06875
1 0.56640625 0.53203125 0.05625 0.0828125
1 0.53203125 0.53828125 0.04375 0.075
1 0.15703125 0.5890625 0.034375 0.0625
1 0.2 0.58046875 0.0375 0.059375
1 0.2203125 0.596875 0.0390625 0.065625
0 0.41953125 0.61875 0.034375 0.059375
0 0.628125 0.50390625 0.0484375 0.071875