1 0.478125 0.50234375 0.1390625 0.1734375
1 0.3765625 0.340625 0.096875 0.1296875
1 0.825 0.38515625 0.0765625 0.128125
1 0.6453125 0.60390625 0.1640625 0.20625
1 0.73828125 0.44140625 0.0859375 0.1234375
1 0.4796875 0.43125 0.10625 0.0953125
1 0.2515625 0.3828125 0.0796875 0.1046875
2 0.79296875 0.54921875 0.2171875 0.4546875
2 0.68671875 0.47578125 0.2203125 0.228125
2 0.57890625 0.74140625 0.403125 0.4390625
2 0.2515625 0.63984375 0.21875 0.65
2 0.3734375 0.58046875 0.1875 0.61875
2 0.4796875 0.6703125 0.228125 0.496875