1 0.52109375 0.5046875 0.1515625 0.18125
1 0.63671875 0.3515625 0.1046875 0.1359375
1 0.1859375 0.35703125 0.0859375 0.13125
1 0.34609375 0.59140625 0.178125 0.215625
1 0.26796875 0.42109375 0.09375 0.1265625
1 0.5265625 0.4328125 0.1109375 0.103125
1 0.7578125 0.4046875 0.0859375 0.109375
2 0.20390625 0.5234375 0.253125 0.4625
2 0.31640625 0.459375 0.234375 0.2421875
2 0.4 0.73359375 0.4328125 0.4640625
2 0.73515625 0.6609375 0.271875 0.653125
2 0.61875 0.59140625 0.2390625 0.6203125
2 0.50546875 0.67109375 0.2671875 0.5046875