1 0.0140625 0.55234375 0.028125 0.0671875
1 0.06328125 0.55703125 0.0421875 0.0640625
1 0.11796875 0.63515625 0.0484375 0.0734375
1 0.46015625 0.546875 0.046875 0.0828125
1 0.3671875 0.603125 0.0359375 0.0640625
1 0.2359375 0.5640625 0.034375 0.0546875
1 0.16875 0.5921875 0.034375 0.0671875
1 0.8078125 0.68515625 0.0421875 0.0640625
1 0.884375 0.46640625 0.0359375 0.0609375
1 0.778125 0.49140625 0.04375 0.0640625
1 0.69140625 0.5296875 0.0375 0.0671875
1 0.56171875 0.53984375 0.053125 0.0796875
1 0.52734375 0.54140625 0.040625 0.0734375
1 0.14921875 0.54609375 0.03125 0.0609375
1 0.1921875 0.54296875 0.034375 0.0578125
1 0.2109375 0.56171875 0.0359375 0.0640625
0 0.40546875 0.6078125 0.03125 0.0578125
0 0.6265625 0.51953125 0.0453125 0.0703125