1 0.43828125 0.290625 0.0640625 0.1375
1 0.59140625 0.33828125 0.0546875 0.121875
1 0.709375 0.3390625 0.05 0.125
1 0.19375 0.32265625 0.0546875 0.13125
1 0.534375 0.32578125 0.05625 0.1171875
1 0.30546875 0.35 0.059375 0.140625
1 0.11953125 0.32265625 0.1046875 0.221875
1 0.87578125 0.37265625 0.0546875 0.121875
1 0.9375 0.33984375 0.05625 0.1109375
1 0.784375 0.334375 0.0515625 0.1015625
1 0.3484375 0.3546875 0.0421875 0.1078125
1 0.24453125 0.35 0.0359375 0.084375
1 0.675 0.36328125 0.0375 0.09375
0 0.04453125 0.3390625 0.05 0.128125
1 0.39375 0.33828125 0.0390625 0.09375
1 0.62421875 0.34765625 0.0375 0.090625