1 0.74453125 0.1453125 0.071875 0.096875
1 0.11796875 0.52890625 0.053125 0.090625
1 0.46796875 0.578125 0.0609375 0.084375
1 0.47734375 0.53515625 0.059375 0.078125
1 0.80546875 0.1859375 0.0375 0.0625
1 0.7234375 0.3671875 0.0546875 0.065625
1 0.52109375 0.2578125 0.01875 0.028125
1 0.46015625 0.271875 0.0234375 0.0328125
1 0.48046875 0.25859375 0.021875 0.03125
1 0.49921875 0.2640625 0.01875 0.028125
2 0.14375 0.66875 0.1359375 0.3640625
2 0.48359375 0.765625 0.25 0.41875
2 0.78046875 0.34921875 0.1375 0.5015625
2 0.78828125 0.43671875 0.178125 0.25
2 0.82890625 0.29375 0.0828125 0.2625
2 0.51015625 0.5984375 0.109375 0.2078125
2 0.46875 0.325 0.040625 0.1328125
2 0.5328125 0.3125 0.046875 0.1484375
2 0.5078125 0.315625 0.0421875 0.140625
2 0.48828125 0.3171875 0.04375 0.1515625