1 0.7125 0.125 0.078125 0.1015625
1 0.12265625 0.5625 0.0609375 0.09375
1 0.475 0.58046875 0.065625 0.0875
1 0.48046875 0.5375 0.0640625 0.08125
1 0.7765625 0.16015625 0.0421875 0.0640625
1 0.7109375 0.34765625 0.059375 0.06875
1 0.5 0.25703125 0.0203125 0.028125
1 0.440625 0.2765625 0.025 0.0328125
1 0.459375 0.2609375 0.0234375 0.0328125
1 0.47890625 0.26484375 0.0203125 0.028125
2 0.159375 0.69921875 0.1640625 0.365625
2 0.50703125 0.76640625 0.28125 0.4296875
2 0.765625 0.32578125 0.1796875 0.4984375
2 0.78203125 0.41171875 0.1953125 0.2578125
2 0.81015625 0.265625 0.103125 0.2625
2 0.51875 0.59765625 0.125 0.2109375
2 0.45390625 0.32890625 0.0515625 0.1328125
2 0.51640625 0.31015625 0.059375 0.1484375
2 0.4921875 0.315625 0.053125 0.1390625
2 0.47265625 0.31875 0.05625 0.15