1 0.5765625 0.2953125 0.06875 0.1390625
1 0.4203125 0.33203125 0.0578125 0.1234375
1 0.30234375 0.32421875 0.0546875 0.1265625
1 0.81796875 0.34453125 0.059375 0.1328125
1 0.478125 0.3234375 0.059375 0.11875
1 0.70390625 0.36328125 0.0640625 0.1421875
1 0.8921875 0.35 0.1125 0.225
1 0.134375 0.346875 0.0578125 0.1234375
1 0.075 0.309375 0.059375 0.1125
1 0.228125 0.31484375 0.0546875 0.103125
1 0.6609375 0.365625 0.046875 0.109375
1 0.76484375 0.36875 0.0390625 0.0859375
1 0.33515625 0.3515625 0.040625 0.0953125
0 0.965625 0.37109375 0.0546875 0.1296875
1 0.61796875 0.34609375 0.0421875 0.0953125
1 0.38671875 0.3390625 0.0390625 0.0921875