0 0.2484375 0.4484375 0.08125 0.1515625
0 0.9296875 0.4265625 0.11875 0.1984375
0 0.1265625 0.47734375 0.1046875 0.1890625
0 0.90546875 0.3109375 0.0671875 0.1078125
0 0.759375 0.31875 0.0640625 0.1140625
0 0.05859375 0.5546875 0.1171875 0.2015625
0 0.6625 0.43125 0.0953125 0.1515625
0 0.559375 0.34453125 0.0609375 0.1078125
0 0.76875 0.4546875 0.09375 0.1640625
0 0.68984375 0.32421875 0.046875 0.08125
0 0.63203125 0.365625 0.053125 0.1046875
0 0.140625 0.36875 0.05625 0.0828125
0 0.59453125 0.31875 0.0375 0.06875