0 0.74375 0.41796875 0.0890625 0.1546875
0 0.06484375 0.47890625 0.128125 0.2046875
0 0.86796875 0.43203125 0.1140625 0.19375
0 0.07421875 0.36171875 0.0734375 0.1109375
0 0.2203125 0.3515625 0.0703125 0.1171875
0 0.940625 0.49921875 0.11875 0.2078125
0 0.33046875 0.4515625 0.103125 0.15625
0 0.421875 0.353125 0.0671875 0.109375
0 0.22734375 0.4875 0.1015625 0.16875
0 0.28984375 0.34921875 0.05 0.084375
0 0.35234375 0.3828125 0.059375 0.10625
0 0.840625 0.32578125 0.0609375 0.084375
0 0.384375 0.33125 0.040625 0.0703125