1 0.76640625 0.83671875 0.1046875 0.14375
1 0.9359375 0.6859375 0.109375 0.140625
1 0.44921875 0.9359375 0.09375 0.1265625
1 0.59765625 0.42578125 0.078125 0.10625
1 0.33828125 0.58984375 0.08125 0.10625
1 0.19140625 0.22578125 0.0671875 0.0953125
1 0.23984375 0.765625 0.0859375 0.0984375
1 0.3921875 0.5390625 0.0578125 0.09375
1 0.6125 0.35 0.0671875 0.0890625
1 0.7109375 0.40390625 0.0765625 0.0953125
1 0.47578125 0.55 0.059375 0.09375
1 0.3015625 0.93984375 0.1 0.1203125
1 0.15390625 0.865625 0.096875 0.1046875
1 0.0703125 0.17890625 0.0703125 0.1
1 0.05390625 0.07734375 0.0625 0.0859375
1 0.1 0.05703125 0.0640625 0.059375