1 0.18671875 0.4296875 0.06875 0.0921875
1 0.89296875 0.46484375 0.046875 0.078125
0 0.9359375 0.46640625 0.053125 0.084375
1 0.89453125 0.40078125 0.0375 0.0671875
1 0.8140625 0.45078125 0.03125 0.0703125
0 0.7828125 0.446875 0.0453125 0.0671875
0 0.28359375 0.4265625 0.05 0.071875
0 0.38203125 0.4828125 0.040625 0.0515625
0 0.41015625 0.46328125 0.0296875 0.0625
0 0.4375 0.4546875 0.0375 0.0734375
1 0.4953125 0.4453125 0.0328125 0.0765625
0 0.52578125 0.4390625 0.0421875 0.08125
0 0.634375 0.465625 0.053125 0.090625
0 0.57265625 0.45234375 0.0390625 0.078125
0 0.6625 0.446875 0.0390625 0.078125