1 0.6703125 0.89453125 0.1203125 0.153125
1 0.87265625 0.7921875 0.1234375 0.1515625
1 0.33828125 0.9078125 0.1078125 0.1359375
1 0.61328125 0.45390625 0.090625 0.1140625
1 0.32109375 0.54453125 0.0921875 0.1140625
1 0.27265625 0.1546875 0.078125 0.1
1 0.1796875 0.6890625 0.096875 0.1078125
1 0.3859375 0.509375 0.06875 0.0984375
1 0.64765625 0.384375 0.0765625 0.0953125
1 0.72890625 0.46171875 0.0859375 0.103125
1 0.4640625 0.5421875 0.0703125 0.1
1 0.19453125 0.87734375 0.1140625 0.1359375
1 0.07109375 0.76328125 0.1078125 0.1140625
1 0.16796875 0.07890625 0.08125 0.10625
1 0.17734375 0.01015625 0.0703125 0.0203125