0 0.7859375 0.4265625 0.0578125 0.0828125
0 0.59296875 0.44140625 0.0375 0.05
0 0.515625 0.43359375 0.0359375 0.053125
0 0.44140625 0.43515625 0.0390625 0.0578125
0 0.3359375 0.425 0.0375 0.053125
0 0.28984375 0.43203125 0.0359375 0.053125
0 0.25703125 0.4359375 0.0359375 0.0453125
0 0.190625 0.42109375 0.0390625 0.065625
0 0.1375 0.3921875 0.0359375 0.0453125
0 0.1328125 0.42578125 0.046875 0.0609375
0 0.08359375 0.38984375 0.0328125 0.0578125
0 0.059375 0.40703125 0.0296875 0.046875
0 0.0125 0.409375 0.01875 0.0734375