0 0.79453125 0.49296875 0.075 0.0921875
0 0.60390625 0.4640625 0.046875 0.05625
0 0.53046875 0.4390625 0.0453125 0.059375
0 0.4578125 0.4234375 0.0515625 0.065625
0 0.35703125 0.38984375 0.046875 0.059375
0 0.3109375 0.38671875 0.0453125 0.059375
0 0.278125 0.3828125 0.0453125 0.0515625
0 0.21640625 0.35390625 0.053125 0.0734375
0 0.17109375 0.31328125 0.0453125 0.0515625
0 0.15859375 0.34453125 0.059375 0.06875
0 0.11953125 0.2984375 0.0453125 0.0640625
0 0.09140625 0.31015625 0.0390625 0.0515625
0 0.0453125 0.30234375 0.0359375 0.075