1 0.17890625 0.490625 0.084375 0.103125
1 0.87890625 0.390625 0.059375 0.0859375
0 0.92109375 0.38359375 0.0671875 0.0921875
1 0.86796875 0.32734375 0.05 0.0734375
1 0.79921875 0.39140625 0.04375 0.0734375
0 0.7671875 0.39453125 0.0578125 0.075
0 0.2734375 0.46875 0.0625 0.078125
0 0.38125 0.50546875 0.0484375 0.0578125
0 0.4046875 0.48125 0.040625 0.0671875
0 0.4296875 0.4671875 0.05 0.078125
1 0.484375 0.44765625 0.0453125 0.0796875
0 0.5140625 0.43515625 0.05625 0.0859375
0 0.625 0.440625 0.06875 0.096875
0 0.5625 0.4390625 0.053125 0.0828125
0 0.64921875 0.41640625 0.053125 0.0828125