1 0.0546875 0.375 0.103125 0.2375
1 0.11953125 0.40078125 0.09375 0.2171875
1 0.22109375 0.39375 0.1390625 0.2640625
1 0.36015625 0.4015625 0.1203125 0.2484375
1 0.3359375 0.30390625 0.1046875 0.23125
1 0.53203125 0.36875 0.1078125 0.221875
1 0.50625 0.3078125 0.0859375 0.15625
1 0.65859375 0.43671875 0.1140625 0.234375
1 0.78671875 0.321875 0.14375 0.2765625
1 0.659375 0.28359375 0.1078125 0.165625
1 0.89609375 0.4296875 0.096875 0.1578125
1 0.9671875 0.33828125 0.065625 0.2953125
0 0.48046875 0.45625 0.1109375 0.1984375