1 0.10234375 0.37265625 0.0734375 0.134375
1 0.34609375 0.31875 0.065625 0.1140625
1 0.63515625 0.26953125 0.05625 0.109375
1 0.4234375 0.26640625 0.0625 0.1140625
1 0.02109375 0.28671875 0.0421875 0.1703125
1 0.20625 0.33359375 0.0578125 0.103125
1 0.15625 0.3515625 0.046875 0.0859375
1 0.8625 0.30390625 0.053125 0.103125
1 0.96328125 0.246875 0.046875 0.1484375
1 0.93984375 0.215625 0.0390625 0.075
1 0.459375 0.2953125 0.0421875 0.08125
1 0.03203125 0.365625 0.05 0.103125
1 0.8625 0.25625 0.040625 0.078125