1 0.884375 0.33828125 0.065625 0.13125
1 0.6375 0.30625 0.059375 0.1109375
1 0.3453125 0.28203125 0.05 0.1078125
1 0.55625 0.2609375 0.05625 0.1109375
1 0.96796875 0.24453125 0.053125 0.1671875
1 0.778125 0.30859375 0.053125 0.1015625
1 0.8296875 0.32265625 0.0421875 0.084375
1 0.121875 0.3359375 0.0484375 0.1015625
1 0.01796875 0.2875 0.0359375 0.146875
1 0.03671875 0.2546875 0.034375 0.0734375
1 0.52265625 0.2921875 0.0375 0.0796875
1 0.9546875 0.32578125 0.0453125 0.1
1 0.1171875 0.2890625 0.0375 0.0765625