1 0.559375 0.678125 0.0546875 0.0796875
1 0.9484375 0.72890625 0.059375 0.0828125
1 0.1296875 0.62578125 0.046875 0.0765625
1 0.35859375 0.47734375 0.0421875 0.0578125
1 0.24375 0.44609375 0.034375 0.0515625
1 0.071875 0.4734375 0.03125 0.0515625
1 0.36953125 0.5640625 0.0296875 0.040625
1 0.5265625 0.3984375 0.028125 0.046875
1 0.49453125 0.3859375 0.03125 0.046875
1 0.76328125 0.3875 0.04375 0.0546875
1 0.1078125 0.3640625 0.03125 0.0375
1 0.140625 0.3421875 0.03125 0.04375
1 0.19609375 0.31953125 0.021875 0.0359375
0 0.15078125 0.659375 0.0375 0.0578125
1 0.265625 0.3921875 0.025 0.040625