1 0.21875 0.18515625 0.0875 0.146875
1 0.05390625 0.4734375 0.096875 0.1296875
1 0.5390625 0.21015625 0.0609375 0.1015625
1 0.60546875 0.3765625 0.0703125 0.0984375
1 0.271875 0.2515625 0.096875 0.1546875
1 0.04921875 0.35703125 0.075 0.128125
1 0.78203125 0.44453125 0.0484375 0.065625
1 0.83125 0.428125 0.046875 0.0796875
1 0.54296875 0.3515625 0.0421875 0.0859375
1 0.240625 0.34453125 0.0609375 0.1125
1 0.7546875 0.2609375 0.0390625 0.0640625
1 0.803125 0.2765625 0.0421875 0.0578125
1 0.87890625 0.43359375 0.0453125 0.06875
1 0.41796875 0.34609375 0.05625 0.096875
1 0.76328125 0.39609375 0.040625 0.0640625
1 0.70390625 0.36015625 0.034375 0.0609375