1 0.22421875 0.18046875 0.090625 0.1484375
1 0.05390625 0.465625 0.0984375 0.13125
1 0.54375 0.2109375 0.0625 0.103125
1 0.6078125 0.37890625 0.071875 0.1
1 0.27578125 0.24765625 0.1 0.15625
1 0.0515625 0.34921875 0.0765625 0.128125
1 0.7828125 0.44921875 0.05 0.065625
1 0.83203125 0.43359375 0.046875 0.0796875
1 0.5453125 0.35234375 0.0421875 0.0859375
1 0.24375 0.340625 0.0640625 0.1140625
1 0.75859375 0.265625 0.040625 0.065625
1 0.80703125 0.28203125 0.04375 0.0578125
1 0.88046875 0.43984375 0.046875 0.06875
1 0.4203125 0.34453125 0.0578125 0.0984375
1 0.76484375 0.40078125 0.0421875 0.065625
1 0.70625 0.3640625 0.0359375 0.0609375