1 0.4109375 0.66484375 0.0625 0.084375
1 0.02578125 0.64765625 0.0515625 0.0890625
1 0.84296875 0.6875 0.053125 0.0796875
1 0.64296875 0.50234375 0.046875 0.0625
1 0.76171875 0.490625 0.0390625 0.0546875
1 0.9265625 0.5484375 0.0359375 0.0546875
1 0.6171875 0.5859375 0.0328125 0.0421875
1 0.4921875 0.3953125 0.03125 0.0484375
1 0.525 0.38828125 0.0359375 0.0484375
1 0.26015625 0.34296875 0.05 0.059375
1 0.91015625 0.434375 0.034375 0.0390625
1 0.88125 0.40703125 0.0359375 0.0453125
1 0.83046875 0.375 0.025 0.0390625
0 0.81640625 0.7171875 0.04375 0.0609375
1 0.75 0.43515625 0.0296875 0.0421875