1 0.89609375 0.35078125 0.0640625 0.1109375
1 0.8015625 0.328125 0.065625 0.1109375
1 0.68828125 0.2453125 0.053125 0.09375
1 0.60390625 0.2875 0.0609375 0.115625
1 0.73671875 0.48984375 0.06875 0.10625
1 0.7875 0.575 0.071875 0.11875
1 0.65625 0.53125 0.0640625 0.1078125
1 0.5796875 0.434375 0.0609375 0.1078125
1 0.47109375 0.2609375 0.0609375 0.103125
1 0.51875 0.2203125 0.0609375 0.1046875
1 0.1765625 0.246875 0.0734375 0.121875
1 0.290625 0.23046875 0.06875 0.1109375
1 0.346875 0.26953125 0.06875 0.1171875
1 0.41015625 0.2828125 0.0734375 0.1078125
2 0.7703125 0.728125 0.2 0.428125
2 0.87890625 0.55859375 0.1609375 0.53125
2 0.796875 0.4015625 0.1 0.259375
2 0.65234375 0.68359375 0.1796875 0.38125
2 0.55859375 0.5953125 0.1625 0.409375
2 0.13359375 0.50859375 0.190625 0.65625
2 0.25 0.49921875 0.159375 0.653125
2 0.33359375 0.51484375 0.125 0.61875
2 0.3875 0.52421875 0.128125 0.571875
2 0.4609375 0.509375 0.115625 0.5734375
2 0.68046875 0.371875 0.134375 0.346875
2 0.60234375 0.31484375 0.1046875 0.15625
2 0.5171875 0.32578125 0.0828125 0.30625