1 0.69140625 0.62734375 0.0953125 0.1484375
1 0.5984375 0.5625 0.08125 0.140625
1 0.4828125 0.4734375 0.0671875 0.1203125
1 0.31875 0.18515625 0.046875 0.0765625
1 0.4578125 0.2578125 0.053125 0.096875
1 0.53359375 0.28671875 0.0546875 0.084375
1 0.60859375 0.29375 0.053125 0.08125
1 0.8625 0.47265625 0.0625 0.10625
1 0.79765625 0.428125 0.0578125 0.0875
1 0.76796875 0.39296875 0.053125 0.090625
1 0.53671875 0.22109375 0.0546875 0.0875
1 0.4015625 0.2140625 0.0453125 0.065625
1 0.65703125 0.31171875 0.0515625 0.0875
1 0.68671875 0.32109375 0.046875 0.0796875
1 0.6328125 0.253125 0.05 0.06875
1 0.65078125 0.2125 0.0453125 0.06875
1 0.7234375 0.34609375 0.053125 0.0765625
1 0.80390625 0.3375 0.0578125 0.084375
1 0.7546875 0.25390625 0.0421875 0.0609375
1 0.265625 0.190625 0.065625 0.0921875
1 0.23203125 0.178125 0.0484375 0.0765625
1 0.20859375 0.15078125 0.0453125 0.065625
1 0.18828125 0.13359375 0.04375 0.0640625
1 0.1703125 0.125 0.0359375 0.0609375
1 0.13828125 0.12734375 0.0453125 0.06875
1 0.28515625 0.0984375 0.0421875 0.0578125
1 0.44453125 0.165625 0.0328125 0.046875
1 0.975 0.39921875 0.05 0.0953125
1 0.91171875 0.2140625 0.0390625 0.075
1 0.35 0.078125 0.0359375 0.053125
1 0.103125 0.04375 0.0375 0.0578125
1 0.94609375 0.2 0.0390625 0.078125
1 0.98828125 0.315625 0.0234375 0.065625
1 0.29375 0.05 0.03125 0.05
1 0.7875 0.20703125 0.03125 0.05