1 0.31484375 0.6375 0.1015625 0.1515625
1 0.4046875 0.5671875 0.0875 0.1421875
1 0.515625 0.47265625 0.071875 0.121875
1 0.6640625 0.17578125 0.05 0.0765625
1 0.5296875 0.25546875 0.0578125 0.0984375
1 0.45546875 0.2890625 0.059375 0.0859375
1 0.38046875 0.3 0.05625 0.0828125
1 0.13671875 0.4921875 0.0671875 0.1078125
1 0.19921875 0.44453125 0.0625 0.0890625
1 0.22734375 0.40703125 0.05625 0.0921875
1 0.4484375 0.2234375 0.0578125 0.0890625
1 0.58359375 0.209375 0.0484375 0.065625
1 0.33359375 0.3203125 0.05625 0.0890625
1 0.30390625 0.33046875 0.05 0.08125
1 0.3546875 0.26015625 0.0515625 0.0703125
1 0.334375 0.2203125 0.0484375 0.0703125
1 0.26875 0.35859375 0.05625 0.078125
1 0.1875 0.35390625 0.0609375 0.0859375
1 0.2328125 0.26796875 0.0453125 0.0625
1 0.71796875 0.17890625 0.06875 0.09375
1 0.75078125 0.16484375 0.0515625 0.078125
1 0.77265625 0.1359375 0.0484375 0.065625
1 0.79140625 0.11796875 0.046875 0.065625
1 0.809375 0.10859375 0.0390625 0.0609375
1 0.84140625 0.10859375 0.0484375 0.0703125
1 0.69375 0.0875 0.0453125 0.059375
1 0.5375 0.16328125 0.034375 0.046875
1 0.02265625 0.425 0.0453125 0.096875
1 0.07421875 0.2359375 0.0421875 0.075
1 0.62734375 0.07109375 0.0375 0.0546875
1 0.871875 0.0265625 0.040625 0.053125
1 0.0390625 0.2234375 0.04375 0.0796875
1 0.0078125 0.34296875 0.015625 0.0671875
1 0.6828125 0.03984375 0.0328125 0.05
1 0.19765625 0.22265625 0.0328125 0.05