1 0.090625 0.39296875 0.0734375 0.115625
1 0.18203125 0.3609375 0.075 0.115625
1 0.2859375 0.26640625 0.0625 0.096875
1 0.37421875 0.29921875 0.071875 0.1203125
1 0.2640625 0.51484375 0.078125 0.1109375
1 0.221875 0.6046875 0.0828125 0.125
1 0.3484375 0.54765625 0.0734375 0.1125
1 0.4140625 0.44296875 0.071875 0.1109375
1 0.50390625 0.259375 0.0703125 0.1078125
1 0.45234375 0.2234375 0.0703125 0.109375
1 0.7953125 0.21484375 0.084375 0.128125
1 0.6796875 0.21015625 0.0796875 0.115625
1 0.628125 0.2546875 0.0796875 0.121875
1 0.56640625 0.275 0.0828125 0.1140625
2 0.2546875 0.7546875 0.2421875 0.440625
2 0.1296875 0.59765625 0.2140625 0.5375
2 0.19453125 0.43359375 0.125 0.2640625
2 0.36796875 0.6984375 0.215625 0.3921875
2 0.4515625 0.60078125 0.2015625 0.41875
2 0.865625 0.4703125 0.25625 0.6625
2 0.7484375 0.47265625 0.225 0.65625
2 0.6671875 0.49765625 0.1875 0.6203125
2 0.6140625 0.5125 0.1859375 0.5734375
2 0.53984375 0.5046875 0.1734375 0.5734375
2 0.30703125 0.39140625 0.1671875 0.353125
2 0.37890625 0.3265625 0.11875 0.1640625
2 0.46484375 0.328125 0.1140625 0.3078125