1 0.52734375 0.44921875 0.1 0.140625
1 0.865625 0.5640625 0.10625 0.1484375
1 0.5875 0.4796875 0.0921875 0.1234375
1 0.69296875 0.51953125 0.090625 0.1140625
1 0.7671875 0.55 0.10625 0.1390625
1 0.15625 0.40390625 0.0765625 0.1109375
1 0.4078125 0.425 0.0875 0.11875
1 0.31015625 0.403125 0.0828125 0.1125
1 0.80625 0.54453125 0.10625 0.1515625
1 0.046875 0.34296875 0.05 0.071875
1 0.44921875 0.44921875 0.0640625 0.096875
1 0.23359375 0.39296875 0.034375 0.0515625
1 0.1296875 0.38203125 0.059375 0.09375