0 0.8375 0.21796875 0.1375 0.171875
0 0.75234375 0.18671875 0.0484375 0.0859375
0 0.9125 0.10625 0.034375 0.0625
0 0.71171875 0.20625 0.0921875 0.1484375
0 0.6578125 0.13203125 0.05 0.071875
0 0.6125 0.203125 0.090625 0.1265625
0 0.5515625 0.2296875 0.0703125 0.1046875
0 0.51171875 0.184375 0.0421875 0.0609375
0 0.47109375 0.26171875 0.0890625 0.1359375
0 0.36171875 0.33046875 0.0734375 0.1296875
0 0.12421875 0.46953125 0.1296875 0.1484375
0 0.0625 0.33671875 0.0578125 0.1
0 0.153125 0.33515625 0.053125 0.084375
1 0.1984375 0.2828125 0.046875 0.0765625
1 0.24453125 0.27109375 0.0484375 0.0828125
1 0.28046875 0.28125 0.053125 0.084375
0 0.3171875 0.28671875 0.05625 0.1015625
1 0.3328125 0.21484375 0.028125 0.04375