1 0.19140625 0.32734375 0.0953125 0.1390625
1 0.053125 0.32890625 0.10625 0.1828125
1 0.18984375 0.19140625 0.071875 0.1171875
1 0.55625 0.109375 0.059375 0.0984375
1 0.01484375 0.18984375 0.0296875 0.1859375
1 0.1078125 0.08828125 0.0546875 0.0734375
1 0.3296875 0.0609375 0.053125 0.0796875
0 0.46328125 0.55546875 0.096875 0.165625
0 0.2640625 0.075 0.046875 0.090625
0 0.3234375 0.0953125 0.0640625 0.10625
0 0.66015625 0.08984375 0.1421875 0.1796875
0 0.73984375 0.06328125 0.0828125 0.1265625
0 0.9109375 0.0328125 0.059375 0.065625
0 0.88828125 0.0484375 0.0609375 0.096875