1 0.50234375 0.44296875 0.096875 0.1390625
1 0.85703125 0.396875 0.1015625 0.146875
1 0.56953125 0.44375 0.0890625 0.121875
1 0.68203125 0.4328125 0.0875 0.1125
1 0.76171875 0.42734375 0.1015625 0.1375
1 0.1484375 0.5640625 0.0734375 0.109375
1 0.384375 0.47265625 0.084375 0.1171875
1 0.28671875 0.496875 0.0796875 0.1109375
1 0.79453125 0.40625 0.103125 0.15
1 0.02421875 0.55703125 0.046875 0.071875
1 0.43203125 0.4765625 0.0609375 0.0953125
1 0.2140625 0.52109375 0.034375 0.0515625
1 0.11484375 0.55625 0.05625 0.0921875