0 0.88515625 0.2875 0.115625 0.15625
0 0.8078125 0.240625 0.0359375 0.08125
0 0.98046875 0.1921875 0.0265625 0.059375
0 0.7640625 0.25234375 0.071875 0.1390625
0 0.725 0.16875 0.040625 0.065625
0 0.6671875 0.23046875 0.0734375 0.1171875
0 0.60234375 0.24453125 0.05625 0.0984375
0 0.571875 0.19296875 0.034375 0.05625
0 0.5171875 0.26015625 0.0703125 0.1265625
0 0.39609375 0.30703125 0.0546875 0.1234375
0 0.13671875 0.3984375 0.1109375 0.134375
0 0.1015625 0.25625 0.04375 0.09375
0 0.190625 0.271875 0.040625 0.078125
1 0.2453125 0.22890625 0.0359375 0.071875
1 0.29296875 0.2265625 0.0359375 0.078125
1 0.3265625 0.24296875 0.040625 0.078125
0 0.3609375 0.25625 0.0421875 0.096875
1 0.390625 0.1875 0.021875 0.040625