1 0.2046875 0.30625 0.0875 0.134375
1 0.06015625 0.2984375 0.109375 0.178125
1 0.2125 0.17109375 0.0640625 0.1140625
1 0.58359375 0.1140625 0.0546875 0.0953125
1 0.0234375 0.15390625 0.046875 0.1828125
1 0.1375 0.06171875 0.05 0.0703125
1 0.36015625 0.05 0.0484375 0.078125
0 0.46015625 0.553125 0.0859375 0.1625
0 0.29453125 0.059375 0.0421875 0.0875
0 0.3515625 0.084375 0.05625 0.103125
0 0.68984375 0.09453125 0.1296875 0.1890625
0 0.7703125 0.07109375 0.071875 0.1421875
0 0.94453125 0.046875 0.0515625 0.09375
0 0.9203125 0.0625 0.0515625 0.1234375