1 0.08203125 0.38515625 0.04375 0.103125
0 0.471875 0.39765625 0.059375 0.115625
0 0.89296875 0.4625 0.0703125 0.1
0 0.74375 0.42890625 0.05625 0.10625
0 0.59921875 0.4078125 0.0625 0.1125
0 0.3953125 0.42734375 0.05 0.096875
0 0.32109375 0.38984375 0.05 0.1
0 0.34765625 0.465625 0.053125 0.0875
0 0.55078125 0.42890625 0.034375 0.08125
0 0.671875 0.43828125 0.040625 0.0625
0 0.8359375 0.4515625 0.040625 0.071875
1 0.01875 0.4125 0.034375 0.109375
1 0.05390625 0.4234375 0.03125 0.08125
0 0.26875 0.4203125 0.025 0.0625