1 0.88125 0.29375 0.065625 0.109375
0 0.5046875 0.39375 0.084375 0.125
0 0.10859375 0.5515625 0.090625 0.1125
0 0.246875 0.4859375 0.078125 0.115625
0 0.3828125 0.4328125 0.0859375 0.1234375
0 0.5859375 0.40546875 0.0703125 0.1046875
0 0.64921875 0.35234375 0.0703125 0.1078125
0 0.640625 0.43203125 0.0703125 0.096875
0 0.434375 0.4421875 0.0515625 0.0875
0 0.31875 0.47890625 0.053125 0.0703125
0 0.16171875 0.528125 0.0546875 0.0796875
1 0.94921875 0.30625 0.0578125 0.1140625
1 0.9171875 0.325 0.05 0.0859375
0 0.70703125 0.3703125 0.0390625 0.0671875