1 0.7671875 0.89609375 0.196875 0.2078125
1 0.1890625 0.5890625 0.121875 0.175
1 0.32578125 0.5828125 0.0875 0.153125
1 0.64140625 0.62578125 0.078125 0.1140625
1 0.4703125 0.53515625 0.0734375 0.125
1 0.7109375 0.6078125 0.078125 0.09375
1 0.128125 0.35390625 0.0515625 0.0546875
1 0.29453125 0.38203125 0.0484375 0.0734375
1 0.540625 0.58515625 0.065625 0.0828125
1 0.6453125 0.72578125 0.134375 0.178125
1 0.51484375 0.528125 0.06875 0.0796875
1 0.20078125 0.35859375 0.0421875 0.04375
1 0.3859375 0.35546875 0.028125 0.0453125