0 0.23515625 0.44375 0.071875 0.10625
0 0.03046875 0.39609375 0.04375 0.065625
1 0.33203125 0.4890625 0.06875 0.0953125
0 0.58046875 0.5015625 0.065625 0.0984375
1 0.50546875 0.5109375 0.0765625 0.096875
1 0.77421875 0.59140625 0.059375 0.0796875
1 0.7015625 0.5828125 0.0484375 0.0625
1 0.840625 0.6109375 0.05625 0.0828125
0 0.6640625 0.5828125 0.05 0.0640625
1 0.46953125 0.5046875 0.05 0.0734375
0 0.40625 0.496875 0.0453125 0.0625
0 0.29921875 0.4765625 0.0390625 0.0640625
1 0.19921875 0.45 0.034375 0.053125