0 0.22890625 0.509375 0.05625 0.0984375
0 0.01875 0.51328125 0.034375 0.0609375
1 0.334375 0.5296875 0.0546875 0.0875
0 0.578125 0.48203125 0.05 0.0921875
1 0.5078125 0.509375 0.0625 0.0875
1 0.78828125 0.521875 0.0484375 0.071875
1 0.715625 0.53125 0.0390625 0.0578125
1 0.85703125 0.525 0.0453125 0.0765625
0 0.67890625 0.540625 0.0421875 0.0578125
1 0.471875 0.51171875 0.0390625 0.06875
0 0.40859375 0.51953125 0.0375 0.0578125
0 0.29921875 0.52578125 0.0296875 0.0609375
1 0.19609375 0.52421875 0.0265625 0.05