1 0.90546875 0.37109375 0.084375 0.1265625
1 0.2671875 0.41484375 0.065625 0.1125
1 0.5515625 0.396875 0.065625 0.1046875
0 0.18125 0.36953125 0.071875 0.121875
0 0.04140625 0.39765625 0.0734375 0.1234375
0 0.47109375 0.36875 0.0765625 0.121875
0 0.65859375 0.4140625 0.059375 0.103125
0 0.3890625 0.35234375 0.059375 0.096875
0 0.97890625 0.39296875 0.0421875 0.1046875
0 0.10078125 0.3875 0.0515625 0.0921875
1 0.76171875 0.425 0.0578125 0.1
0 0.8578125 0.4234375 0.053125 0.084375
1 0.8265625 0.4109375 0.0390625 0.0859375
0 0.715625 0.4109375 0.0453125 0.071875
1 0.5953125 0.4109375 0.0296875 0.0625