1 0.70078125 0.35234375 0.0796875 0.1234375
1 0.56328125 0.62109375 0.0734375 0.0984375
1 0.45625 0.60546875 0.06875 0.11875
1 0.38671875 0.30625 0.05 0.0859375
1 0.340625 0.60703125 0.08125 0.1296875
1 0.5859375 0.3640625 0.0265625 0.046875
1 0.515625 0.3609375 0.034375 0.0515625
1 0.30078125 0.34921875 0.0484375 0.084375
2 0.68671875 0.60703125 0.1921875 0.6078125
2 0.54921875 0.7453125 0.140625 0.3453125
2 0.44453125 0.7296875 0.13125 0.365625
2 0.33203125 0.728125 0.1578125 0.365625
2 0.21015625 0.69921875 0.1546875 0.3625
2 0.5796875 0.45078125 0.0828125 0.21875
2 0.50703125 0.45390625 0.0890625 0.2453125
2 0.37265625 0.4109375 0.121875 0.29375
2 0.29609375 0.4921875 0.09375 0.359375
0 0.2265625 0.5796875 0.059375 0.0984375