1 0.903125 0.3640625 0.08125 0.125
1 0.265625 0.41875 0.0640625 0.1125
1 0.55 0.39609375 0.0640625 0.103125
0 0.17890625 0.375 0.0703125 0.1203125
0 0.03984375 0.40546875 0.071875 0.121875
0 0.46875 0.36953125 0.075 0.1203125
0 0.65703125 0.4109375 0.0578125 0.1015625
0 0.38671875 0.3546875 0.0578125 0.096875
0 0.978125 0.38515625 0.040625 0.103125
0 0.09921875 0.39453125 0.05 0.090625
1 0.76015625 0.4203125 0.05625 0.0984375
0 0.85625 0.4171875 0.053125 0.0828125
1 0.825 0.40546875 0.0375 0.084375
0 0.7140625 0.40703125 0.04375 0.071875
1 0.59375 0.409375 0.028125 0.0625