1 0.28828125 0.3921875 0.0625 0.103125
1 0.8421875 0.46484375 0.06875 0.10625
1 0.57265625 0.4078125 0.059375 0.090625
1 0.715625 0.45625 0.046875 0.0765625
1 0.63984375 0.4359375 0.05625 0.0890625
1 0.50703125 0.41328125 0.053125 0.090625
1 0.978125 0.4046875 0.04375 0.2125
1 0.45625 0.43359375 0.05 0.0765625
1 0.5375 0.4234375 0.0453125 0.0796875
1 0.37578125 0.425 0.0546875 0.08125
1 0.41640625 0.45 0.05 0.0796875
1 0.32109375 0.41796875 0.05 0.0765625
1 0.23125 0.4140625 0.0625 0.0890625
1 0.228125 0.36796875 0.0515625 0.071875
1 0.1421875 0.34453125 0.0609375 0.0921875