1 0.73359375 0.45859375 0.0609375 0.1015625
1 0.1828125 0.36640625 0.0671875 0.1046875
1 0.4578125 0.390625 0.0578125 0.090625
1 0.30625 0.39453125 0.0453125 0.0765625
1 0.38515625 0.39765625 0.0546875 0.0875
1 0.51796875 0.41484375 0.0515625 0.090625
1 0.05390625 0.2640625 0.075 0.2125
1 0.56171875 0.44921875 0.05 0.0765625
1 0.48671875 0.41640625 0.04375 0.0796875
1 0.640625 0.46484375 0.053125 0.0796875
1 0.59453125 0.47734375 0.0484375 0.0796875
1 0.6953125 0.4734375 0.05 0.0765625
1 0.78203125 0.49609375 0.0609375 0.0890625
1 0.7984375 0.453125 0.0515625 0.071875
1 0.88828125 0.45625 0.059375 0.090625