1 0.671875 0.31953125 0.0765625 0.121875
1 0.58359375 0.60859375 0.0703125 0.096875
1 0.475 0.61171875 0.065625 0.1171875
1 0.3546875 0.32890625 0.0484375 0.084375
1 0.3609375 0.63359375 0.0765625 0.128125
1 0.5609375 0.35078125 0.025 0.046875
1 0.49140625 0.36015625 0.0328125 0.05
1 0.27734375 0.38671875 0.0453125 0.084375
2 0.70234375 0.57265625 0.1703125 0.6046875
2 0.59140625 0.73359375 0.1296875 0.34375
2 0.48515625 0.7359375 0.11875 0.3625
2 0.37421875 0.75390625 0.146875 0.3625
2 0.24921875 0.74609375 0.1421875 0.359375
2 0.5703125 0.43828125 0.075 0.2171875
2 0.49921875 0.453125 0.08125 0.24375
2 0.359375 0.434375 0.1125 0.290625
2 0.29765625 0.52734375 0.08125 0.3578125
0 0.24453125 0.62578125 0.05625 0.096875