1 0.9703125 0.50625 0.059375 0.146875
1 0.94140625 0.53125 0.078125 0.1109375
1 0.5375 0.51015625 0.0765625 0.0953125
0 0.1671875 0.71484375 0.121875 0.153125
0 0.23515625 0.63828125 0.109375 0.128125
0 0.403125 0.634375 0.1 0.13125
0 0.5234375 0.6234375 0.096875 0.125
0 0.609375 0.54921875 0.078125 0.0984375
0 0.57890625 0.515625 0.05 0.0640625
0 0.70390625 0.52265625 0.0640625 0.090625
0 0.8375 0.55703125 0.1265625 0.1546875
0 0.775 0.534375 0.0765625 0.0953125
0 0.77578125 0.47109375 0.0625 0.084375
0 0.92265625 0.4796875 0.05625 0.065625
0 0.8796875 0.4859375 0.0609375 0.078125