1 0.971875 0.58046875 0.05625 0.1421875
1 0.93046875 0.6 0.0640625 0.103125
1 0.53515625 0.51640625 0.0640625 0.0875
0 0.1375 0.66015625 0.1015625 0.1421875
0 0.2171875 0.5953125 0.09375 0.1171875
0 0.38359375 0.6171875 0.0828125 0.121875
0 0.503125 0.62578125 0.08125 0.115625
0 0.60078125 0.565625 0.065625 0.090625
0 0.57578125 0.528125 0.040625 0.059375
0 0.69765625 0.5546875 0.0515625 0.084375
0 0.82421875 0.60859375 0.10625 0.1421875
0 0.76640625 0.5765625 0.0640625 0.0875
0 0.7765625 0.5140625 0.0515625 0.078125
0 0.92109375 0.54609375 0.0484375 0.059375
0 0.87734375 0.5453125 0.0515625 0.071875