1 0.2796875 0.6296875 0.103125 0.165625
1 0.5828125 0.69140625 0.078125 0.140625
1 0.64296875 0.6046875 0.0703125 0.121875
1 0.37890625 0.5046875 0.0671875 0.1171875
1 0.76953125 0.8 0.065625 0.1171875
1 0.3484375 0.41484375 0.0453125 0.0921875
1 0.42578125 0.4203125 0.040625 0.08125
1 0.459375 0.4734375 0.0546875 0.0984375
1 0.50625 0.525 0.0609375 0.1125
1 0.79375 0.54140625 0.0515625 0.1
1 0.8578125 0.565625 0.0484375 0.09375
1 0.93359375 0.540625 0.0453125 0.0890625
1 0.703125 0.4796875 0.040625 0.084375
1 0.97265625 0.57734375 0.040625 0.078125
1 0.7921875 0.4265625 0.0328125 0.065625
1 0.82421875 0.440625 0.03125 0.0625
1 0.665625 0.45625 0.0328125 0.0625