0 0.165625 0.2359375 0.0703125 0.103125
0 0.3390625 0.2625 0.05625 0.1
0 0.890625 0.33359375 0.059375 0.1
0 0.4234375 0.296875 0.0640625 0.090625
0 0.98203125 0.3890625 0.0359375 0.0875
0 0.821875 0.33203125 0.04375 0.075
0 0.74453125 0.29765625 0.053125 0.084375
0 0.653125 0.321875 0.046875 0.078125
0 0.56328125 0.28125 0.053125 0.08125
0 0.5 0.29765625 0.040625 0.06875
0 0.38515625 0.29140625 0.0375 0.059375
0 0.2859375 0.28125 0.0390625 0.065625
0 0.24375 0.25078125 0.0421875 0.065625
0 0.0765625 0.3046875 0.0484375 0.0625