1 0.3375 0.69765625 0.1125 0.16875
1 0.64296875 0.6515625 0.0859375 0.14375
1 0.6703125 0.54921875 0.078125 0.1234375
1 0.3875 0.54609375 0.0734375 0.11875
1 0.85546875 0.68984375 0.071875 0.11875
1 0.32890625 0.471875 0.05 0.09375
1 0.403125 0.45 0.0453125 0.0828125
1 0.453125 0.4890625 0.0609375 0.1
1 0.5140625 0.521875 0.0671875 0.1140625
1 0.790625 0.43828125 0.0578125 0.1015625
1 0.85859375 0.4390625 0.0546875 0.0953125
1 0.92109375 0.38984375 0.0515625 0.090625
1 0.684375 0.41171875 0.0453125 0.0859375
1 0.97109375 0.4109375 0.0453125 0.0796875
1 0.74921875 0.33125 0.0375 0.0671875
1 0.784375 0.33359375 0.034375 0.0625
1 0.640625 0.40234375 0.0375 0.0625