0 0.73515625 0.46640625 0.0859375 0.15
0 0.17578125 0.46328125 0.103125 0.1453125
0 0.8296875 0.5484375 0.109375 0.1875
0 0.1703125 0.6328125 0.140625 0.2109375
0 0.23671875 0.4125 0.0703125 0.1078125
0 0.26015625 0.35546875 0.0421875 0.0859375
0 0.31484375 0.3640625 0.0390625 0.0671875
0 0.37890625 0.32578125 0.0359375 0.0671875
0 0.47421875 0.328125 0.0390625 0.05625
0 0.5390625 0.36953125 0.0390625 0.0671875
0 0.6734375 0.40546875 0.0578125 0.0953125
0 0.58515625 0.3828125 0.0453125 0.0765625