0 0.19453125 0.20234375 0.0796875 0.109375
0 0.36484375 0.246875 0.065625 0.103125
0 0.90625 0.37578125 0.06875 0.103125
0 0.4453125 0.28984375 0.071875 0.096875
0 0.984375 0.440625 0.03125 0.090625
0 0.8375 0.36640625 0.05 0.078125
0 0.7640625 0.32421875 0.0609375 0.0890625
0 0.67109375 0.3390625 0.0546875 0.08125
0 0.5859375 0.2890625 0.0609375 0.0859375
0 0.52109375 0.29921875 0.046875 0.071875
0 0.4078125 0.28046875 0.04375 0.0625
0 0.31015625 0.26015625 0.0453125 0.06875
0 0.271875 0.22578125 0.0484375 0.06875
0 0.09921875 0.2609375 0.053125 0.0671875