0 0.815625 0.35234375 0.0765625 0.1328125
0 0.91015625 0.30390625 0.084375 0.1546875
0 0.728125 0.32578125 0.0703125 0.125
0 0.390625 0.35859375 0.0671875 0.1171875
0 0.52578125 0.375 0.0671875 0.1203125
0 0.61796875 0.3203125 0.071875 0.1296875
0 0.66640625 0.3609375 0.05625 0.1046875
0 0.5890625 0.36640625 0.05 0.078125
0 0.459375 0.39140625 0.0578125 0.09375
0 0.34609375 0.4046875 0.04375 0.075
0 0.2703125 0.38046875 0.0609375 0.09375
0 0.09140625 0.384375 0.0515625 0.075
0 0.18125 0.4125 0.0640625 0.09375