0 0.83984375 0.42109375 0.08125 0.1359375
0 0.9421875 0.39375 0.0890625 0.15625
0 0.759375 0.3765625 0.075 0.1265625
0 0.421875 0.33828125 0.071875 0.11875
0 0.5515625 0.3828125 0.071875 0.121875
0 0.65234375 0.3484375 0.0765625 0.13125
0 0.6921875 0.3984375 0.059375 0.10625
0 0.61484375 0.38828125 0.053125 0.0796875
0 0.4828125 0.38515625 0.0609375 0.0953125
0 0.36875 0.37421875 0.046875 0.0765625
0 0.3 0.33515625 0.0640625 0.0953125
0 0.12421875 0.30234375 0.0546875 0.0765625
0 0.20625 0.3484375 0.0671875 0.0953125