0 0.75078125 0.33984375 0.071875 0.1296875
0 0.52109375 0.23515625 0.0921875 0.1734375
0 0.275 0.24609375 0.09375 0.1703125
0 0.88671875 0.28671875 0.1203125 0.1984375
0 0.140625 0.23359375 0.121875 0.228125
0 0.63046875 0.328125 0.0625 0.1203125
0 0.6796875 0.31015625 0.0546875 0.1171875
0 0.34296875 0.290625 0.0609375 0.1140625
0 0.45390625 0.29140625 0.05625 0.1015625
0 0.0234375 0.2421875 0.0265625 0.121875
0 0.41015625 0.3296875 0.0421875 0.1078125
0 0.03515625 0.2953125 0.03125 0.0828125
0 0.209375 0.31640625 0.0703125 0.1140625