0 0.2890625 0.25234375 0.140625 0.1984375
0 0.5703125 0.21796875 0.1296875 0.2125
0 0.21171875 0.15625 0.10625 0.1421875
0 0.8609375 0.21953125 0.1453125 0.2296875
0 0.4796875 0.21171875 0.0890625 0.1359375
0 0.31953125 0.1421875 0.078125 0.1140625
0 0.6359375 0.21640625 0.0515625 0.08125
0 0.7375 0.24453125 0.053125 0.090625
0 0.93984375 0.28359375 0.0421875 0.0765625
0 0.9796875 0.31328125 0.040625 0.0734375
0 0.9953125 0.284375 0.009375 0.05625
0 0.690625 0.2375 0.0453125 0.0625
0 0.771875 0.25703125 0.0421875 0.0640625