0 0.209375 0.3546875 0.1484375 0.203125
0 0.4546875 0.21328125 0.1375 0.215625
0 0.1 0.29609375 0.1109375 0.1453125
0 0.72265625 0.10859375 0.1546875 0.2171875
0 0.36875 0.2421875 0.09375 0.1375
0 0.19375 0.24140625 0.0828125 0.115625
0 0.5140625 0.1859375 0.05625 0.0828125
0 0.61875 0.171875 0.0578125 0.090625
0 0.8203125 0.12890625 0.0453125 0.0765625
0 0.871875 0.13984375 0.0484375 0.075
0 0.8859375 0.103125 0.0421875 0.05625
0 0.57265625 0.184375 0.0484375 0.0640625
0 0.65546875 0.16953125 0.0453125 0.065625