0 0.7421875 0.32734375 0.0703125 0.128125
0 0.50703125 0.234375 0.0890625 0.171875
0 0.2625 0.2578125 0.090625 0.16875
0 0.875 0.2671875 0.1171875 0.196875
0 0.1265625 0.25234375 0.11875 0.2265625
0 0.62109375 0.32109375 0.059375 0.1203125
0 0.66953125 0.30078125 0.0515625 0.1171875
0 0.33203125 0.29921875 0.059375 0.1140625
0 0.44296875 0.29375 0.0546875 0.1015625
0 0.0109375 0.2671875 0.021875 0.121875
0 0.40078125 0.334375 0.040625 0.10625
0 0.025 0.3203125 0.0296875 0.0828125
0 0.2 0.33203125 0.06875 0.1140625