0 0.84453125 0.3421875 0.078125 0.1078125
0 0.14609375 0.33984375 0.0546875 0.0921875
0 0.19609375 0.34140625 0.04375 0.0640625
0 0.21875 0.3625 0.0328125 0.053125
0 0.24609375 0.37578125 0.0296875 0.0515625
0 0.28984375 0.3703125 0.034375 0.0484375
0 0.371875 0.37734375 0.04375 0.0515625
0 0.41796875 0.36484375 0.04375 0.059375
0 0.48984375 0.35703125 0.0390625 0.053125
0 0.56015625 0.365625 0.0375 0.05625
0 0.61640625 0.34296875 0.053125 0.0703125
0 0.66015625 0.34765625 0.059375 0.08125
0 0.78671875 0.3703125 0.0546875 0.078125
0 0.72578125 0.41328125 0.034375 0.0578125