0 0.8546875 0.36640625 0.084375 0.1109375
0 0.1578125 0.31484375 0.0609375 0.09375
0 0.2078125 0.32109375 0.0484375 0.0671875
0 0.2296875 0.34375 0.0359375 0.0546875
0 0.25546875 0.35859375 0.0328125 0.053125
0 0.29921875 0.35625 0.0375 0.05
0 0.38046875 0.36875 0.0453125 0.053125
0 0.428125 0.359375 0.046875 0.0609375
0 0.5 0.35625 0.0421875 0.0546875
0 0.56953125 0.3703125 0.040625 0.0578125
0 0.6265625 0.3515625 0.05625 0.0734375
0 0.67109375 0.359375 0.0640625 0.084375
0 0.7953125 0.39140625 0.059375 0.08125
0 0.73125 0.42890625 0.0375 0.059375