0 0.1921875 0.5796875 0.0640625 0.1
0 0.82109375 0.48515625 0.05625 0.0984375
0 0.9375 0.384375 0.0515625 0.0796875
0 0.87265625 0.4578125 0.0515625 0.0765625
0 0.8859375 0.4078125 0.0421875 0.0640625
0 0.840625 0.39296875 0.0453125 0.0765625
0 0.784375 0.40234375 0.046875 0.06875
0 0.73359375 0.4140625 0.0484375 0.0765625
0 0.75390625 0.49453125 0.0484375 0.0734375
0 0.6734375 0.4046875 0.046875 0.065625
0 0.6953125 0.50546875 0.046875 0.0734375
0 0.6515625 0.51953125 0.040625 0.0703125
0 0.5828125 0.5234375 0.05 0.065625
0 0.525 0.540625 0.0484375 0.0765625
0 0.46328125 0.54296875 0.04375 0.0640625
0 0.39921875 0.55703125 0.0484375 0.0734375
0 0.32578125 0.5671875 0.04375 0.0671875
0 0.259375 0.5828125 0.0453125 0.0734375
0 0.14765625 0.4890625 0.0453125 0.0796875
0 0.08046875 0.51796875 0.0640625 0.090625
0 0.209375 0.46640625 0.0484375 0.0765625
0 0.290625 0.49296875 0.053125 0.0734375
0 0.61328125 0.43515625 0.0421875 0.0671875
0 0.55859375 0.4640625 0.05 0.06875
0 0.51171875 0.4328125 0.0484375 0.0765625
0 0.478125 0.46953125 0.05 0.06875
0 0.3578125 0.515625 0.04375 0.0703125
0 0.41640625 0.47578125 0.04375 0.0671875