0 0.1875 0.5578125 0.059375 0.096875
0 0.821875 0.50703125 0.05 0.0953125
0 0.94453125 0.41484375 0.046875 0.078125
0 0.875 0.48359375 0.046875 0.075
0 0.89140625 0.43515625 0.0390625 0.0625
0 0.84765625 0.4171875 0.040625 0.0734375
0 0.790625 0.42265625 0.0421875 0.065625
0 0.7390625 0.43046875 0.04375 0.075
0 0.75390625 0.51171875 0.0453125 0.071875
0 0.6796875 0.4171875 0.0421875 0.0625
0 0.69453125 0.51953125 0.04375 0.071875
0 0.65 0.53046875 0.0359375 0.06875
0 0.58125 0.52890625 0.046875 0.0625
0 0.521875 0.5421875 0.04375 0.075
0 0.46015625 0.540625 0.040625 0.0625
0 0.3953125 0.54921875 0.0453125 0.071875
0 0.32109375 0.5546875 0.040625 0.065625
0 0.25390625 0.565625 0.040625 0.0703125
0 0.14921875 0.4640625 0.040625 0.0765625
0 0.08046875 0.48828125 0.0578125 0.0875
0 0.2125 0.44609375 0.04375 0.075
0 0.29140625 0.47890625 0.0484375 0.071875
0 0.6171875 0.44296875 0.0390625 0.065625
0 0.5609375 0.46796875 0.046875 0.065625
0 0.51640625 0.43359375 0.04375 0.075
0 0.48046875 0.46875 0.046875 0.065625
0 0.35703125 0.50546875 0.0390625 0.06875
0 0.41796875 0.46953125 0.040625 0.065625