1 0.14375 0.575 0.178125 0.228125
1 0.4296875 0.53828125 0.075 0.1109375
1 0.321875 0.69296875 0.1078125 0.14375
1 0.48359375 0.4875 0.0734375 0.11875
1 0.86484375 0.4171875 0.053125 0.084375
1 0.84296875 0.43125 0.04375 0.075
1 0.82265625 0.38359375 0.046875 0.0640625
1 0.5578125 0.4546875 0.0625 0.075
1 0.275 0.40859375 0.0453125 0.071875
1 0.2484375 0.4296875 0.0421875 0.065625
1 0.31171875 0.38515625 0.04375 0.065625
1 0.39296875 0.4109375 0.0421875 0.0515625
1 0.615625 0.41640625 0.0390625 0.0546875
1 0.78515625 0.3890625 0.0390625 0.0578125
0 0.56015625 0.359375 0.03125 0.0421875
0 0.1046875 0.4796875 0.0546875 0.084375