0 0.14453125 0.17421875 0.078125 0.1203125
0 0.32109375 0.27265625 0.046875 0.0859375
0 0.28984375 0.2765625 0.0328125 0.0609375
0 0.25 0.3109375 0.03125 0.059375
0 0.36640625 0.28671875 0.0328125 0.05625
0 0.42890625 0.27734375 0.04375 0.084375
0 0.4859375 0.234375 0.05625 0.103125
0 0.5421875 0.2703125 0.0375 0.059375
0 0.571875 0.28828125 0.025 0.05
0 0.5984375 0.28984375 0.0328125 0.053125
0 0.63046875 0.2859375 0.021875 0.046875
0 0.6640625 0.2765625 0.0296875 0.059375
0 0.709375 0.25390625 0.0484375 0.109375
0 0.75390625 0.20390625 0.0765625 0.1265625
0 0.8234375 0.2640625 0.0265625 0.05
0 0.85 0.2796875 0.0296875 0.0640625
0 0.87890625 0.27265625 0.0265625 0.0640625
0 0.94296875 0.253125 0.059375 0.115625
0 0.91015625 0.265625 0.025 0.0671875