0 0.16796875 0.15 0.08125 0.1234375
0 0.3375 0.2609375 0.05 0.0859375
0 0.30625 0.2625 0.0359375 0.0625
0 0.26328125 0.29375 0.0328125 0.059375
0 0.38203125 0.278125 0.034375 0.0578125
0 0.44453125 0.27265625 0.046875 0.0859375
0 0.5046875 0.234375 0.059375 0.1046875
0 0.5578125 0.2734375 0.0390625 0.0609375
0 0.58671875 0.29375 0.0265625 0.05
0 0.61328125 0.296875 0.034375 0.0546875
0 0.6453125 0.2953125 0.0234375 0.0484375
0 0.67890625 0.2890625 0.03125 0.059375
0 0.72578125 0.26953125 0.0515625 0.109375
0 0.77421875 0.22265625 0.08125 0.128125
0 0.8390625 0.28671875 0.028125 0.05
0 0.86484375 0.3046875 0.03125 0.065625
0 0.89375 0.3 0.0296875 0.065625
0 0.95859375 0.284375 0.0640625 0.1171875
0 0.92578125 0.29453125 0.028125 0.06875