0 0.521875 0.34140625 0.084375 0.1578125
0 0.17890625 0.346875 0.0890625 0.175
0 0.77890625 0.56328125 0.20625 0.315625
0 0.2546875 0.3875 0.1078125 0.1859375
0 0.4875 0.51640625 0.109375 0.1828125
0 0.60078125 0.34375 0.0921875 0.184375
0 0.3921875 0.365625 0.10625 0.190625
0 0.05078125 0.37109375 0.084375 0.203125
0 0.709375 0.44296875 0.0921875 0.1578125
0 0.8390625 0.40546875 0.0796875 0.1109375
0 0.96484375 0.52578125 0.0703125 0.2171875
0 0.88203125 0.50234375 0.1265625 0.2375
1 0.7828125 0.2890625 0.0328125 0.059375
0 0.9578125 0.309375 0.03125 0.053125
0 0.93203125 0.3078125 0.0296875 0.053125