1 0.15078125 0.440625 0.0828125 0.0953125
1 0.17109375 0.528125 0.09375 0.0953125
1 0.31484375 0.50625 0.0734375 0.0921875
1 0.38671875 0.540625 0.0796875 0.1046875
1 0.36015625 0.471875 0.0484375 0.0578125
1 0.51640625 0.4640625 0.05625 0.0765625
1 0.85 0.47734375 0.0296875 0.040625
1 0.746875 0.46484375 0.03125 0.034375
2 0.85 0.50625 0.0609375 0.09375
2 0.74453125 0.49453125 0.0625 0.1
2 0.521875 0.57265625 0.1765625 0.284375
2 0.2171875 0.65703125 0.2921875 0.334375
2 0.190625 0.46953125 0.1984375 0.1578125
2 0.403125 0.65078125 0.215625 0.3125
2 0.30234375 0.60703125 0.1625 0.290625
2 0.396875 0.4890625 0.1453125 0.0984375