1 0.15078125 0.55703125 0.0703125 0.0859375
1 0.1984375 0.63359375 0.08125 0.0828125
1 0.3265625 0.56640625 0.059375 0.084375
1 0.40546875 0.57578125 0.0640625 0.096875
1 0.35859375 0.51953125 0.0390625 0.053125
1 0.503125 0.4609375 0.0453125 0.071875
1 0.8234375 0.36484375 0.0234375 0.0375
1 0.72265625 0.38671875 0.0265625 0.03125
2 0.8328125 0.3921875 0.0453125 0.0890625
2 0.72890625 0.41484375 0.046875 0.0953125
2 0.54453125 0.56171875 0.1296875 0.271875
2 0.28359375 0.740625 0.2453125 0.3
2 0.196875 0.571875 0.18125 0.1296875
2 0.45703125 0.67421875 0.165625 0.2953125
2 0.34765625 0.665625 0.1125 0.2828125
2 0.39921875 0.5234375 0.1359375 0.075