1 0.19140625 0.3515625 0.0703125 0.125
1 0.865625 0.35390625 0.059375 0.109375
1 0.3765625 0.378125 0.0578125 0.11875
1 0.784375 0.36796875 0.0578125 0.109375
1 0.16484375 0.13671875 0.05625 0.11875
1 0.3109375 0.359375 0.059375 0.0953125
1 0.25703125 0.1828125 0.05 0.0796875
1 0.44375 0.353125 0.05 0.096875
1 0.484375 0.375 0.0578125 0.1078125
1 0.53359375 0.36796875 0.04375 0.109375
1 0.5671875 0.38359375 0.065625 0.1125
1 0.66171875 0.37734375 0.0515625 0.0953125
1 0.72578125 0.3796875 0.05625 0.1046875
1 0.6140625 0.3546875 0.0484375 0.0875