0 0.52265625 0.3421875 0.1046875 0.165625
0 0.85078125 0.44140625 0.1125 0.1828125
0 0.2140625 0.484375 0.2453125 0.3359375
0 0.76640625 0.459375 0.13125 0.1953125
0 0.50703125 0.51875 0.1328125 0.1921875
0 0.44609375 0.321875 0.115625 0.1921875
0 0.640625 0.40078125 0.1296875 0.2
0 0.95546875 0.5 0.0890625 0.209375
0 0.31484375 0.38828125 0.1125 0.1671875
0 0.2 0.315625 0.0921875 0.11875
0 0.04765625 0.3953125 0.0953125 0.221875
0 0.13203125 0.396875 0.15625 0.2484375
1 0.28671875 0.21875 0.040625 0.0625
0 0.11171875 0.190625 0.0375 0.05625
0 0.13828125 0.19609375 0.0359375 0.0546875