1 0.14765625 0.5328125 0.0640625 0.08125
1 0.18984375 0.6125 0.07578125 0.078125
1 0.32265625 0.55390625 0.05390625 0.08125
1 0.40078125 0.56875 0.0578125 0.09296875
1 0.3578125 0.509375 0.0359375 0.05078125
1 0.50625 0.4609375 0.03984375 0.06875
1 0.83203125 0.3875 0.0203125 0.0359375
1 0.7296875 0.40234375 0.02421875 0.0296875
2 0.83984375 0.415625 0.03984375 0.08671875
2 0.734375 0.43125 0.03984375 0.09296875
2 0.53984375 0.56484375 0.11171875 0.2640625
2 0.2671875 0.725 0.22578125 0.28515625
2 0.19296875 0.55078125 0.17421875 0.1171875
2 0.4453125 0.67109375 0.14609375 0.28515625
2 0.33671875 0.6546875 0.09375 0.2765625
2 0.39765625 0.51640625 0.13203125 0.06640625