1 0.21171875 0.31484375 0.0765625 0.128125
1 0.88046875 0.39921875 0.065625 0.1125
1 0.39296875 0.3640625 0.0640625 0.121875
1 0.7984375 0.40390625 0.0625 0.1125
1 0.21171875 0.0984375 0.0625 0.121875
1 0.32890625 0.3375 0.0640625 0.096875
1 0.296875 0.15546875 0.0546875 0.08125
1 0.4625 0.34765625 0.0546875 0.1
1 0.5 0.3734375 0.0625 0.109375
1 0.54921875 0.3734375 0.0484375 0.1109375
1 0.58046875 0.3921875 0.071875 0.115625
1 0.675 0.39765625 0.05625 0.096875
1 0.73828125 0.4078125 0.0609375 0.10625
1 0.63046875 0.36953125 0.053125 0.090625