0 0.8578125 0.659375 0.05 0.0765625
0 0.8109375 0.64375 0.0453125 0.071875
0 0.78359375 0.63046875 0.0390625 0.0578125
0 0.7390625 0.64765625 0.0375 0.0515625
0 0.75546875 0.61328125 0.0328125 0.0515625
0 0.70078125 0.63203125 0.046875 0.059375
0 0.6640625 0.58046875 0.0453125 0.06875
0 0.6265625 0.590625 0.0375 0.0578125
0 0.596875 0.5875 0.0390625 0.0640625
0 0.575 0.58359375 0.0328125 0.053125
0 0.55234375 0.56640625 0.0375 0.0703125
0 0.53125 0.55703125 0.0390625 0.0671875
0 0.5 0.56171875 0.0421875 0.065625
0 0.4828125 0.5546875 0.0328125 0.0515625
0 0.4609375 0.55234375 0.0359375 0.0640625
0 0.44453125 0.53359375 0.0375 0.0671875
0 0.421875 0.53203125 0.0375 0.0609375
0 0.0859375 0.4375 0.0453125 0.06875
0 0.1390625 0.44375 0.040625 0.0640625
0 0.1734375 0.459375 0.0421875 0.059375
0 0.2171875 0.4890625 0.034375 0.0578125
0 0.25859375 0.47890625 0.04375 0.071875
0 0.284375 0.5046875 0.03125 0.05625
0 0.3078125 0.50703125 0.0359375 0.0640625
0 0.33671875 0.52421875 0.0453125 0.053125
0 0.340625 0.490625 0.0375 0.0515625
0 0.3921875 0.50390625 0.046875 0.06875