0 0.878125 0.6015625 0.040625 0.071875
0 0.8296875 0.59375 0.0359375 0.06875
0 0.8 0.584375 0.03125 0.0546875
0 0.759375 0.60859375 0.03125 0.0484375
0 0.76953125 0.571875 0.0265625 0.0484375
0 0.71875 0.59921875 0.0390625 0.0546875
0 0.675 0.55390625 0.0359375 0.065625
0 0.6390625 0.5703125 0.0296875 0.0546875
0 0.609375 0.57109375 0.0296875 0.0625
0 0.5875 0.57109375 0.025 0.0515625
0 0.56171875 0.5578125 0.028125 0.0671875
0 0.53984375 0.5515625 0.0296875 0.065625
0 0.51015625 0.5609375 0.034375 0.0625
0 0.49140625 0.55625 0.0265625 0.0484375
0 0.46953125 0.5578125 0.028125 0.0609375
0 0.45078125 0.5421875 0.028125 0.0640625
0 0.428125 0.54375 0.0296875 0.059375
0 0.08125 0.503125 0.0359375 0.065625
0 0.13515625 0.50078125 0.03125 0.0625
0 0.17109375 0.5109375 0.034375 0.0546875
0 0.21875 0.53359375 0.0265625 0.0546875
0 0.25859375 0.51640625 0.034375 0.06875
0 0.2875 0.53828125 0.0234375 0.0546875
0 0.3109375 0.53671875 0.028125 0.0609375
0 0.3421875 0.54921875 0.0390625 0.0484375
0 0.340625 0.515625 0.03125 0.0484375
0 0.39453125 0.52109375 0.0375 0.065625