1 0.096875 0.29921875 0.1375 0.1875
1 0.296875 0.44609375 0.0546875 0.0765625
1 0.43125 0.5 0.025 0.0390625
1 0.3421875 0.43359375 0.059375 0.071875
1 0.59140625 0.37890625 0.05 0.06875
1 0.7484375 0.34375 0.0859375 0.125
1 0.91171875 0.18984375 0.1328125 0.2125
2 0.1375 0.6046875 0.275 0.790625
2 0.31328125 0.646875 0.1265625 0.475
2 0.36640625 0.61640625 0.0984375 0.428125
2 0.628125 0.52421875 0.146875 0.3703125
2 0.78671875 0.596875 0.2359375 0.6484375
2 0.909375 0.51796875 0.18125 0.8765625