1 0.48828125 0.60078125 0.128125 0.1453125
1 0.6078125 0.63359375 0.115625 0.1421875
1 0.71328125 0.65234375 0.2 0.2265625
1 0.2125 0.4953125 0.0546875 0.0671875
1 0.378125 0.5171875 0.0609375 0.078125
1 0.49453125 0.5234375 0.0703125 0.0796875
1 0.28828125 0.49453125 0.0578125 0.071875
1 0.3125 0.48671875 0.0609375 0.0734375
1 0.19296875 0.4484375 0.0609375 0.078125
1 0.12890625 0.46171875 0.0359375 0.0453125
1 0.09609375 0.4515625 0.0296875 0.040625
1 0.0140625 0.46484375 0.028125 0.0703125
1 0.0265625 0.44296875 0.0296875 0.034375