1 0.0765625 0.34921875 0.153125 0.1984375
1 0.2921875 0.47109375 0.0625 0.08125
1 0.43125 0.50859375 0.0296875 0.0421875
1 0.33515625 0.453125 0.065625 0.0765625
1 0.5765625 0.36875 0.0578125 0.071875
1 0.72734375 0.3140625 0.0984375 0.13125
1 0.87109375 0.14140625 0.1546875 0.221875
2 0.1703125 0.62421875 0.340625 0.7515625
2 0.3328125 0.66875 0.18125 0.475
2 0.38125 0.63203125 0.1484375 0.425
2 0.63046875 0.50859375 0.1890625 0.375
2 0.79609375 0.56171875 0.309375 0.65625
2 0.88359375 0.46484375 0.2328125 0.8765625