0 0.20390625 0.42421875 0.059375 0.0875
0 0.88203125 0.39453125 0.059375 0.0921875
0 0.82421875 0.43359375 0.0515625 0.075
0 0.73203125 0.44765625 0.0453125 0.0703125
0 0.6796875 0.45625 0.040625 0.071875
0 0.5984375 0.38515625 0.071875 0.0953125
1 0.55 0.42578125 0.0546875 0.0921875
0 0.47578125 0.41875 0.0484375 0.08125
0 0.3 0.45859375 0.05625 0.08125
1 0.1453125 0.45546875 0.0546875 0.096875
0 0.115625 0.45859375 0.034375 0.0640625
0 0.45625 0.44140625 0.0328125 0.0609375
0 0.4375 0.45234375 0.028125 0.053125