0 0.8 0.43984375 0.0640625 0.0890625
0 0.12421875 0.37421875 0.0640625 0.0953125
0 0.1796875 0.4171875 0.05625 0.078125
0 0.27109375 0.43515625 0.0484375 0.071875
0 0.32265625 0.446875 0.04375 0.0734375
0 0.4078125 0.38046875 0.0765625 0.0984375
1 0.45390625 0.4234375 0.059375 0.09375
0 0.52890625 0.4203125 0.053125 0.0828125
0 0.7015625 0.46953125 0.0609375 0.0828125
1 0.85625 0.47421875 0.0578125 0.0984375
0 0.8859375 0.478125 0.0375 0.065625
0 0.546875 0.44375 0.0359375 0.0625
0 0.56484375 0.45546875 0.03125 0.053125