1 0.71640625 0.66953125 0.1078125 0.1296875
1 0.365625 0.45703125 0.1359375 0.1796875
1 0.96328125 0.40546875 0.0734375 0.1171875
1 0.81796875 0.52265625 0.1234375 0.1484375
1 0.60859375 0.41015625 0.0953125 0.1046875
1 0.77734375 0.36328125 0.0734375 0.10625
1 0.76328125 0.27109375 0.0609375 0.0828125
1 0.2046875 0.12578125 0.05 0.06875
1 0.303125 0.16171875 0.0484375 0.0515625
1 0.6328125 0.19609375 0.0421875 0.05625
1 0.5453125 0.15703125 0.0328125 0.0515625
1 0.41796875 0.2171875 0.0453125 0.0515625
1 0.509375 0.23125 0.046875 0.04375
1 0.47109375 0.16953125 0.053125 0.06875