0 0.78046875 0.4296875 0.078125 0.1140625
0 0.09765625 0.39453125 0.0609375 0.0796875
0 0.9796875 0.4796875 0.040625 0.0625
0 0.903125 0.4921875 0.05 0.0703125
0 0.73203125 0.46484375 0.040625 0.071875
1 0.6703125 0.4671875 0.04375 0.078125
0 0.63984375 0.4546875 0.046875 0.071875
0 0.55859375 0.44140625 0.046875 0.06875
0 0.44609375 0.43671875 0.0421875 0.071875
0 0.41796875 0.4109375 0.0453125 0.071875
0 0.371875 0.43046875 0.05 0.0703125
0 0.30234375 0.428125 0.0390625 0.065625
0 0.27578125 0.403125 0.04375 0.090625
0 0.2390625 0.41484375 0.05 0.078125
0 0.15859375 0.42578125 0.0609375 0.0875
0 0.0640625 0.38984375 0.040625 0.0625