1 0.25703125 0.6296875 0.0921875 0.11875
1 0.63984375 0.48046875 0.1109375 0.16875
1 0.0515625 0.325 0.075 0.109375
1 0.1828125 0.4671875 0.1046875 0.1359375
1 0.40859375 0.39296875 0.0828125 0.0953125
1 0.25 0.3171875 0.0578125 0.1
1 0.28046875 0.22890625 0.0484375 0.078125
1 0.85546875 0.1828125 0.040625 0.0640625
1 0.75234375 0.20078125 0.0421875 0.046875
1 0.42265625 0.17734375 0.034375 0.053125
1 0.515625 0.1546875 0.0265625 0.05
1 0.6296875 0.23515625 0.0390625 0.0453125
1 0.5375 0.234375 0.0421875 0.0375
1 0.5859375 0.1796875 0.04375 0.0640625