0 0.784375 0.44453125 0.084375 0.1171875
0 0.10390625 0.37421875 0.065625 0.08125
0 0.97890625 0.50546875 0.0421875 0.0640625
0 0.903125 0.51328125 0.053125 0.071875
0 0.73359375 0.4765625 0.0453125 0.071875
1 0.671875 0.47578125 0.046875 0.0796875
0 0.6421875 0.4625 0.05 0.0734375
0 0.56171875 0.44453125 0.05 0.0703125
0 0.44921875 0.434375 0.046875 0.0734375
0 0.42265625 0.40703125 0.0484375 0.0734375
0 0.37578125 0.42421875 0.053125 0.071875
0 0.30625 0.41796875 0.0421875 0.0671875
0 0.28125 0.3921875 0.0484375 0.0921875
0 0.24375 0.4015625 0.053125 0.0796875
0 0.1625 0.4078125 0.0640625 0.0890625
0 0.0703125 0.3671875 0.04375 0.0640625