1 0.24375 0.3 0.09375 0.128125
1 0.46796875 0.3015625 0.0859375 0.14375
1 0.40625 0.33828125 0.1453125 0.2203125
1 0.71953125 0.29921875 0.15625 0.2359375
1 0.05546875 0.42421875 0.1109375 0.2046875
1 0.53046875 0.3171875 0.0859375 0.1234375
1 0.734375 0.046875 0.078125 0.09375
1 0.6109375 0.09453125 0.0734375 0.103125
0 0.59140625 0.2921875 0.125 0.1859375
0 0.28046875 0.396875 0.1046875 0.1421875
0 0.09921875 0.26640625 0.075 0.1015625
1 0.51953125 0.11953125 0.065625 0.084375
1 0.3546875 0.25078125 0.06875 0.1
0 0.04765625 0.28828125 0.05625 0.0765625