1 0.31796875 0.23046875 0.0796875 0.1203125
1 0.53046875 0.30078125 0.06875 0.1375
1 0.4609375 0.3171875 0.1203125 0.2109375
1 0.77109375 0.37734375 0.128125 0.225
1 0.08828125 0.28671875 0.1140625 0.1953125
1 0.5859375 0.3359375 0.071875 0.1171875
1 0.865625 0.134375 0.065625 0.10625
1 0.73046875 0.1484375 0.0625 0.0984375
0 0.6515625 0.33046875 0.103125 0.178125
0 0.3234375 0.33359375 0.0890625 0.134375
0 0.190625 0.15390625 0.0640625 0.0953125
1 0.6359375 0.14375 0.05625 0.0796875
1 0.4390625 0.21796875 0.0578125 0.0953125
0 0.13515625 0.159375 0.0484375 0.0734375