1 0.29921875 0.32421875 0.0546875 0.1140625
1 0.4125 0.3375 0.10625 0.21875
1 0.27578125 0.2328125 0.065625 0.1625
1 0.36015625 0.353125 0.0625 0.1328125
0 0.8390625 0.34375 0.0796875 0.1328125
0 0.5046875 0.36875 0.078125 0.1421875
0 0.9125 0.32109375 0.1 0.1765625
0 0.6125 0.209375 0.128125 0.2140625
0 0.04921875 0.33359375 0.0984375 0.1734375
0 0.209375 0.2015625 0.125 0.2203125
0 0.1078125 0.32421875 0.0625 0.1171875
0 0.728125 0.309375 0.0765625 0.103125
0 0.78203125 0.37734375 0.0484375 0.078125