1 0.325 0.2984375 0.0546875 0.1140625
1 0.4359375 0.32734375 0.10625 0.21875
1 0.315625 0.2046875 0.065625 0.1625
1 0.38203125 0.33515625 0.0625 0.1328125
0 0.8578125 0.39296875 0.0796875 0.1328125
0 0.5234375 0.37109375 0.078125 0.1421875
0 0.93359375 0.3796875 0.1 0.1765625
0 0.65234375 0.228125 0.128125 0.2140625
0 0.0765625 0.27265625 0.1 0.1734375
0 0.25390625 0.1640625 0.125 0.2203125
0 0.1359375 0.271875 0.0625 0.1171875
0 0.75234375 0.34296875 0.0765625 0.103125
0 0.79609375 0.41796875 0.0484375 0.078125