0 0.63046875 0.35703125 0.109375 0.1546875
0 0.47109375 0.340625 0.08125 0.1296875
0 0.73046875 0.334375 0.0953125 0.13125
0 0.81796875 0.3140625 0.0875 0.1171875
0 0.26640625 0.42109375 0.0703125 0.121875
0 0.87734375 0.328125 0.0828125 0.11875
0 0.1890625 0.3890625 0.0671875 0.0984375
1 0.4140625 0.36484375 0.0765625 0.1109375
1 0.51484375 0.3453125 0.0734375 0.125
0 0.56796875 0.36171875 0.0546875 0.0859375
0 0.29296875 0.403125 0.0515625 0.0890625
0 0.3703125 0.4171875 0.053125 0.078125
0 0.88125 0.2734375 0.0578125 0.0828125
0 0.940625 0.284375 0.0578125 0.0796875