0 0.8390625 0.528125 0.1421875 0.1796875
0 0.325 0.51953125 0.0796875 0.121875
0 0.1765625 0.55859375 0.109375 0.1671875
0 0.915625 0.4875 0.1046875 0.1453125
0 0.81875 0.7203125 0.2015625 0.290625
0 0.3953125 0.5015625 0.0734375 0.109375
0 0.95390625 0.4265625 0.06875 0.1171875
0 0.775 0.3796875 0.0328125 0.053125
0 0.84453125 0.3921875 0.0359375 0.0578125
0 0.71484375 0.3921875 0.0328125 0.05625
0 0.4875 0.4609375 0.0625 0.1015625
0 0.540625 0.4515625 0.0609375 0.0875
0 0.58671875 0.42578125 0.046875 0.0828125
0 0.6296875 0.41640625 0.0453125 0.0765625
0 0.66796875 0.40546875 0.0484375 0.071875
0 0.6921875 0.40625 0.0375 0.0609375
0 0.9125 0.40234375 0.05 0.0796875
0 0.88125 0.41328125 0.0484375 0.0734375