0 0.17265625 0.5921875 0.128125 0.1703125
0 0.675 0.4859375 0.0703125 0.1171875
0 0.828125 0.49609375 0.096875 0.1609375
0 0.08984375 0.5671875 0.0921875 0.1390625
0 0.22890625 0.77734375 0.1796875 0.278125
0 0.603125 0.48125 0.065625 0.1046875
0 0.040625 0.51484375 0.059375 0.1140625
0 0.20703125 0.434375 0.028125 0.0515625
0 0.14140625 0.46015625 0.03125 0.0546875
0 0.26875 0.43515625 0.028125 0.0546875
0 0.5046875 0.459375 0.0546875 0.0984375
0 0.45078125 0.46015625 0.0546875 0.084375
0 0.40078125 0.44375 0.040625 0.0796875
0 0.35703125 0.4421875 0.0390625 0.0734375
0 0.3171875 0.4390625 0.04375 0.06875
0 0.29375 0.44453125 0.0328125 0.0578125
0 0.0765625 0.4828125 0.04375 0.0765625
0 0.10859375 0.4875 0.04375 0.0703125