0 0.346875 0.38203125 0.0875 0.14375
0 0.50078125 0.33828125 0.0625 0.121875
0 0.24375 0.3765625 0.0765625 0.121875
0 0.15390625 0.371875 0.071875 0.10625
0 0.715625 0.38203125 0.0515625 0.115625
0 0.0984375 0.39609375 0.065625 0.109375
0 0.7875 0.33671875 0.053125 0.0921875
1 0.56171875 0.35234375 0.059375 0.103125
1 0.45859375 0.35 0.0546875 0.11875
0 0.40859375 0.37578125 0.040625 0.08125
0 0.6875 0.36875 0.0375 0.084375
0 0.61328125 0.39609375 0.040625 0.0734375
0 0.08515625 0.34296875 0.046875 0.0765625
0 0.02890625 0.3640625 0.046875 0.0734375